1000670
1000668
1000596
1000661
1000675
1000691
1000693
1000695
1000696
1000680
1000681
1000697
1000698
1000699
1000705
1000706
1000708
1000683
1000688
1000712
1000713
1000715
1000414
1000770
1000160
1000348
1000610
1000690
1000082
1000674
1001080
1001081
1001082
1000360
1000714
1001083
1001087
1001088
1001089
1001090
1001091
1000782
1000125
1001092
1001093
1001094
1001095
1001096
1001097
1000344
1001098
1001102
1001103
1001104
1001105
1001106
1001107
1001108
1001109
1001111
1001113
1001114
1001117
1001118
1000684
1001119
1001120
1001121
1001122
1001123
1001124
1001125
1001126
1001127
1001128
1001129
1001131
1000567
1001069
1001132
1001133
1000570
1001071
1000606
1000048
1000297
1001072
1001134
1001136
1000551
1001073
1000612
1000676
1000061
1001137
1001027
1001074
1000701
1000709
1001138
1000018
1001075
1000395
1001140
1000968
1001077
1001078
1000089
1001084
1001141
1001178
1001142
1000381
1000091
1001143
1001144
1000145
1001199
1001008
1001200
1001145
1001146
1001147
1001148
1001149
1001021
1001202
1001150
1001151
1001152
1001153
1001154
1001022
1000190
1000202
1001203
1001155
1001156
1001157
1001158
1001160
1001161
1001162
1001163
1000109
1000010
1001164
1000368
1000365
1000246
1000198
1000692
1000367
1001165
1001166
1000070
1000702
1000844
1000366
1000192
1000786
1001167
1001168
1001169
1001170
1000787
1000209
1001171
1001172
1001173
1001174
1001175
1001176
1000808
1000627
1000973
1001177
1001179
1001180
1000158
1000051
1000663
1000144
1000019
1001181
1000954
1000200
1000392
1000247
1000185
1001183
1001184
1001185
1001186
1001187
1001040
1001188
1001190
1001191
1000974
1000077
1001192
1000707
1000074
1001042
1001193
1000685
1000938
1001194
1000103
1000098
1001195
1000298
1000084
1000166
1001196
1001197
1000141
1000410
1000953
1000235
1000362
1001221
1000232
1000353
1000369
1000119
1000364
1000017
1000038
1000183
1000066
1000860
1000039
1000162
1000042
1000199
1000100
1001028
1000390
1000689
1000717
1000063
1000128
1000072
1000126
1000047
1000095
1000189
1000621
1000659
1000035
1000057
1000650
1000664
1000034
1000197
1000433
1000700
1000704
1000121
1000839
1000413
1000286
1000296
1000060
1000334
1000165
1000086
1000029
1000984
1000049
1000234
1000387
1000969
1000025
1000164
1000203
1000320
1000357
1000796
1000728
1000730
1000744
1000745
1000733
1000106
1000182
1000078
1000079
1001215
1000795
1000456
1000046
1000743
1000810
1001031
1001033
1001034
1001116
1001032
1001115
1001315
1001316
1001317
1001318
1000817
1000902
1000867
1000864
1000071
1000593
1000015
1000340
1000287
1000321
1000289
1000191
1000043
1000582
1000208
1000766
1000249
1000388
1000931
1000333
1000280
1000613
1000755
1000884
1000855
1000921
1001085
1001086
1000589
1000590
1000424
1000384
1000011
1000031
1000760
1000134
1000941
1000012
1000378
1000294
1000214
1000669
1000687
1000075
1000097
1000127
1000594
1000272
1000371
1001059
1000399
1001056
1000347
1000742
1000635
1000641
1000703
1000721
1000947
1000188
1000379
1000380
1000152
1000184
1000036
1000276
1000563
1000389
1000055
1000407
1000385
1000090
1000143
1000250
1001159
1000653
1000386
1000155
1000181
1001249
1000915
1000976
1000652
1000982
1000040
1000088
1000363
1001015
1000008
1000987
1000988
1000989
1000992
1000345
1000922
1000660
1000129
1000156
1000673
1000595
1000682
1000600
1000623
1000580
1000694
1000756
1000759
1000761
1001229
1000963
1000777
1000995
1000647
1000278
1000971
1000037
1000044
1000928
1000101
1000116
1000325
1000096
1000326
1000327
1000328
1000130
1001060
1000948
1000032
1000677
1000643
1000205
1000196
1000615
1000062
1000568
1000569
1000020
1000620
1000393
1000405
1000406
1001250
1001252
1000003
1000861
1000727
1000751
1000752
1000986
1000013
1001019
1000023
1000028
1000113
1000880
1000293
1000836
1000248
1000002
1000005
1000394
1000318
1000000
1000711
1000006
1000024
1000402
1000719
1000878
1000076
1000686
1000117
1001013
1000016
1000603
1000397
1000630
1000001
1000288
1000903
1000608
1000975
1000906
1000059
1000457
1000279
1000940
1000735
1000273
1000026
1000642
1000210
1001299
1000881
1000330
1000157
1000350
1000404
1000270
1000351
1000352
1000331
1000312
1000313
1000314
1000194
1000315
1000837
1000304
1000398
1000400
1000195
1000937
1000722
1000064
1000105
1000718
1000614
1000153
1000996
1000939
1000054
1000069
1000470
1000619
1000565
1001055
1001061
1000949
1000163
1000211
1000178
1000512
1000592
1000332
1000341
1000322
1000299
1000300
1000290
1000886
1000626
1001189
1000950
1000710
1000566
1000050
1001002
1000053
1000274
1000564
1000114
1000080
1000994
1000872
1000874
1000876
1000888
1000284
1000894
1000672
1000092
1000131
1000980
1000065
1000073
1000159
1000094
1000067
1000083
1000791
1000356
1000111
1000122
1000649
1000329
1000081
1000905
1000014
1000977
1001139
1000343
1000656
1000291
1000629
1000115
1001066
1000639
1000146
1000033
1000361
1000990
1000665
1000671
1000458
1000731
1000376
1000748
1000377
1000749
1000657
1000323
1000411
1000021
1000604
1000729
1001020
1000616
1000022
1000041
1000316
1000317
1000324
1000667
1001039
1001044
1000425
1001050
1000609
1000679
1000863
1000282
1000093
1001135
1001062
1000952
1000736
1000602
1001051
1001057
1001054
1000678
1001043
1000737
1000738
1000993
1000617
1000052
1000739
1000591
1000942
1000342
1000946
1001009
1001006
1001053
1001024
1000628
1001012
1001052
1001058
1000421
1000085
1000110
1000193
1000201
1000204
1001000
1000510
1000985
1001029
1001030
1001036
1001037
1001038
1001063
1001204
1001205
1000349
1001064
1001206
1001207
1001209
1001210
1001065
1001211
1001212
1001213
1001214
1000422
1000104
1000150
1000423
1000087
1000427
1000466
1000587
1000428
1000467
1000598
1000429
1000468
1000599
1000430
1000469
1000601
1000432
1000471
1000605
1000440
1000552
1000607
1000431
1000472
1000611
1000441
1000473
1000618
1000434
1000474
1000632
1000435
1000475
1000633
1000436
1000476
1000634
1000442
1000477
1000636
1000443
1000478
1000637
1000444
1000479
1000638
1000445
1000655
1000640
1000446
1000644
1000447
1000645
1000448
1000646
1000449
1000648
1000450
1000651
1000451
1000658
1000654
1000437
1000553
1000622
1000438
1000555
1000624
1000439
1000556
1000625
1000480
1000481
1000482
1000483
1000484
1000485
1000486
1000487
1000488
1000489
1000490
1000491
1000492
1000493
1000494
1000495
1000496
1000497
1000498
1000499
1000557
1000500
1000501
1000502
1000503
1000504
1000505
1000506
1000511
1000513
1000583
1000514
1000515
1000516
1000517
1000518
1000519
1000520
1000521
1000522
1000523
1000524
1000525
1000526
1000527
1000528
1000529
1000530
1000531
1000532
1000533
1000534
1000535
1000536
1000537
1000538
1000539
1000540
1000541
1000542
1000543
1000544
1000545
1000546
1000547
1000548
1000549
1000550
1000558
1000559
1000560
1000561
1000562
1000571
1000572
1000573
1000574
1000575
1000576
1000577
1000578
1000581
1000584
1000585
1000058
1000346
1000335
1000336
1000337
1000338
1000339
1000370
10001
1000123
1000027
1000509
1000453
1000004
10011000
1000267
1000455
11006000
10029000
1001048
1000822
1000454
1000142
1001216
10040400
1000794
1000508
1000118
1000724
1000970
1000666
10060100
1000781
1000281
1000112
1000056
1000579
1000597
1000099
1000009
1000403
1000507
1001076
1000725
1000180
1000401
1000354
1000212
1000292
1000305
1000319
1000355
1000554
1000767
1000776
1000124
1000741
1000135
1000452
1000139
1000726
1000662
1000358
1000373
1000359
1000206
1000215
1000207
1000301
1000302
1000396
1000216
1000217
1000218
1000219
1000220
1000221
1000222
1000223
1000224
1000225
1000226
1000227
1000228
1000229
1000230
1000231
1000233
1000236
1000237
1000238
1000179
1000239
1000240
1000779
1000241
1000242
1000243
1000244
1000245
1000251
1000252
1000253
1000213
1000254
1000255
1000256
1000257
1000258
1000259
1000260
1000261
1000262
1000263
1000264
1000265
1000266
1000136
1000765
1000720
1000768
1000772
1000774
1000775
1000408
1000778
1000783
1000409
1000784
1000812
1000813
1000814
1000815
1000816
1000819
1000825
1000827
1000835
1000838
1000840
1000841
1000842
1000843
1000845
1000846
1000847
1000943
1000944
1000945
1000856
1000857
1000154
1000269
1000271
1000306
1000307
1000308
1000309
1000310
1000311
1000893
1000896
1000897
1000900
1000295
1000904
1000907
1000908
1000909
1000910
1000912
1000917
1000920
1000923
1000924
1000925
1000926
1000927
1000929
1000930
1000933
1000934
1000935
1000936
1000108
1000416
1000417
1000418
1000419
1000420
1000275
1001223
1001224
1001226
1001227
1001228
1001230
1001231
1000132
1000137
1000138
1000151
1000161
1000186
1000068
1000283
1000167
1000168
1000169
1000170
1000171
1000268
1000277
1000045
1000133
1000140
1000147
1000148
1000149
1000285
1000391
1000102
1000372
1
1000792
1000030
1000821
1000818
1000107
1000803
1000120
1000804
1000187
1000631
1000805
1000806
1000885
1000807
1000172
1000173
1000174
1000175
1000176
1000177
1000459
1000716
1000732
1000723
1000740
