3350964954
4222441044
2052971036
519275793
436576864
1859122260
1990022210
1628531758
1035775161
3815849660
4036346759
3684012691
1276536048
3719700014
348239728
2262512633
448124913
3828963120
1319867736
3244578477
2900551850
3685760097
226805020
3997581228
2819706938
2790445061
1861851640
851389151
353848239
437379678
34814324
3508774039
2721408304
1143739165
99379260
89846211
422765938
285749683
3164843554
3343332450
3673495973
3499363560
1689552357
3347455283
727789688
4287522327
645622382
933407593
1864133009
314285642
4104244374
4094100123
1097873212
4147511581
306778018
3496866458
2570457719
2902145676
1253667380
534186463
3987545985
640075859
4091481780
4046826839
1929168
1800400750
782804294
3060085267
720957123
1655378783
3706449054
667251157
3790631614
1173989222
3647360307
3177610515
1926455429
741892724
2882938817
2041462244
1177086454
4105823916
481581908
481150399
376526744
2864837708
2522368133
122518820
1199952460
1952319787
3295839784
3184465486
3658333052
915835356
2385758849
4072418979
1311921767
371350256
1172289200
3316364763
24504570
2857615026
114291795
966663917
4157415747
4272148021
60563106
972785982
2983297154
366327008
2738265967
1773103812
1414745672
3164408119
2446953978
1442095773
420182603
1551020683
213608465
61239627
4262902857
1642031166
1993272504
1901735179
3646186208
2273089420
679581834
3763639051
4257184820
1421596789
2122786899
2901418334
665366148
2184052205
976525594
3616422034
500052537
3814933905
3978415463
822065524
3175958662
760417031
2145882310
3716859354
2490974507
3181798961
2883597875
490631352
1479068670
3263136007
4021381627
3339260674
778319532
1002476610
2614034206
1105379884
2470329207
1107983696
859415166
1620223562
284525500
2229156165
2044365865
3026157753
2127268764
1935028400
1837797887
3177273301
3557660803
1909745868
2935587691
768705289
1894249738
1043574215
412438769
350904213
3805764425
1878536708
2449781429
828537275
420896159
1175737155
2381979093
4130669046
3547754981
487454202
2125941401
170965760
4143396777
2956940980
373460243
2380823769
476957215
1278505393
1198026428
4063036655
3765646180
3931013070
2180839178
92678972
3762545269
2489974498
4285827675
1104614578
924278488
1273531049
3563884196
3045963772
2568666353
1710145557
1910814490
1647173794
889824533
1480553636
2937036105
1617074605
2611039603
1590732814
2573918350
1559502494
2349999126
479482300
1559960996
3471039333
2411119949
4175980667
3125798216
3036793253
1281934236
3075167292
811507926
4091357909
2693948241
261654714
3619962154
2245884395
2947284114
229505092
62590215
2827735074
1868597467
1338420529
2815779470
4022976391
2548165282
3156725387
2819045197
1787450494
717416401
2421710614
3282931418
2276486794
1440029948
2327562477
2044935396
1859814976
2135237585
3577302860
281663525
3794182204
3224650397
1416558694
867683167
213447181
431725560
891035330
2597136127
3692236198
3926056100
3889829435
2846971864
1215637248
2858781186
3332115767
1225116907
534280217
1728890873
2739080436
4071736775
2073166540
1357644622
3530470538
556797916
2298402652
1630836525
3408793577
512984168
3550542542
2412065602
801831733
3118728814
845338476
1872044464
1282140326
225468510
3195911108
64968400
2047841540
306912041
1658912387
2432951753
3065862210
244375726
3617689053
1165211012
2977598551
3972018155
2965885754
1484075280
1700798760
372299706
2285805676
4154187930
4250270636
2475653272
1421803281
3315499632
617620532
3668180504
2742517940
392134441
3527997481
2998177169
3995611354
3282928622
1686079840
2696211838
3360700514
1996077889
727551887
2807854029
242457049
4146399847
1721176138
1612797270
1479347043
3416868797
3940052105
4238404714
2355407025
430810569
820202081
3572137671
2039687371
447826438
651413069
929946276
3344029988
3550816312
186737483
2169905756
2000944888
2769204743
1476157155
582061455
2642576977
4032570328
3096690359
899717834
628793850
3606146631
3159924553
1683541356
2610109897
3398684498
1575959580
2532921787
3666806643
3956319005
2040855407
3286526787
2778998651
3692276248
2610236743
2694647620
479572060
3335953704
3193492002
2151310883
2321809928
1072296149
2834171254
2135480545
455940512
1119687822
1837917868
4021157384
3836468833
1420634227
2407457366
1931928917
1985353683
40928823
2184758530
32510344
1441038254
3591658165
2107975157
1766298183
492108050
3325791974
4206831585
1419929423
3224312626
3444398731
3206785528
2764258512
3483776399
4126783868
622763153
3678932863
2496631805
2302642969
3699980228
1749228582
1476440216
1055552422
2715169894
1092564829
268293929
2423968818
1361596154
3125498531
2938238238
658643343
610517603
910666524
1078335045
2041349871
3978410592
1494197614
1257877770
411479372
3654443602
1224672550
544361855
139260532
2821033811
1100598528
1776832068
1657780472
490444699
2995858002
3713088994
1385549148
2316399996
847287436
1092718353
2744070755
1068160668
1084384302
4226182232
3572426441
2150268223
3885583244
2104624625
568053160
1219652676
3124889407
1955836487
980341386
2145455798
2782210027
3102756820
1368656478
2790260713
3266735630
261837847
1529238211
4161021444
3319382134
4075117525
1794796350
480379098
57911589
4052301457
579264163
2152515434
1917227438
219835315
2231622968
3237104810
2743634372
4104381825
3440383325
2104606072
823105746
1907880145
305121692
819723154
2033818141
2586398577
3172601605
2087834922
1590611861
1065623145
1550412502
1889171422
1357152937
1285412016
584413203
1322589354
1881065442
1986233541
1049753924
1032876141
729136447
183645452
491974213
700311865
2015654882
115942298
2404316701
714860334
519981660
1567526234
3271540168
3688784220
2723064423
913381323
2668280384
713453746
1051078381
4077232850
3214192931
2544954725
3927267058
380445326
2314149140
69276048
2894752438
2881948410
3414476317
545608536
3112467886
4074647264
4260850693
2650732744
589980718
4007636449
1538343588
224464953
226936669
814673015
1954593568
2072157057
1724455056
3682672770
1703867793
2239371656
3215244526
1641702246
1715793236
717711236
2003941083
1743891488
113364826
4062908495
4210143268
2410764534
1840800649
1817752073
501133219
2338619207
3540072758
91001200
3925395261
3958779636
1049281680
2222601478
1609394495
3624943737
2493841024
645200098
2818955987
932621562
1160905127
2733989939
505547654
2591950820
4146130505
427304587
3261516628
953069429
138104756
4202946706
2620139350
209210388
3093331617
1269811645
2753293117
606307300
1877121995
2095348648
49560099
3648805037
2887625810
42192201
4185585122
3657727583
3548009043
1686669133
4189175681
4110307063
3535025536
2202549946
2293709544
3741670885
3414312380
4153624065
1997424819
3612740496
2021674807
2470806238
1919011411
291728338
4137074976
589885621
3810643246
3335611040
182007541
3452655544
1068495241
3023391346
4153535776
3803009423
2097891605
1946851216
1721728130
1822794360
3635101428
2917318123
3108776994
641781120
277854028
2331557022
3035735258
3116004979
498897656
1684090129
3458866603
3747420945
1162524297
2397288888
1781231428
1114969547
995890375
70391562
3726875664
3478861843
684411774
1360884687
1798027161
2563786664
643866763
637290762
218097040
404498784
1103916907
1715880362
1976817924
1773029591
4203960008
1637401991
4261910430
791121516
3464688028
4016932910
1168670630
1053021566
2646201304
917357335
1789449493
2536972446
2680557182
2187205001
3774393038
647595375
2543274961
3203499640
127283387
1044495903
963143955
4029133625
1675396475
1383395331
1043398574
3014427263
4288492264
2404033462
3077460173
1441760712
3144530747
217583845
3668782427
716968017
716013704
3327333394
1933090740
4280102722
512298267
2180185929
2031797869
3131453081
3251515650
1451844604
74956849
1668547320
614649363
792848257
2190109199
2102513695
1011446566
4072781139
1635430701
1136973518
2113267396
2624115072
3226246228
267693849
54517437
783093880
3833660351
2784357582
557592311
1735453084
3584252803
960211319
1803375990
2683819758
1538836914
3151400224
401656462
2996750962
2820281155
3687719200
2812443714
2228498225
1609647004
33294754
3346772059
2833429678
2064393931
4070749767
1608816314
949362904
2895893744
3274214524
806441359
3205178688
511598360
3855217872
1659457529
2595322383
546935729
2133019607
1949831063
2613114521
2666486379
3997862706
984491904
2090015859
385743365
2322535855
2963233077
3909442538
199730422
3802654149
1809020198
2556582840
933058330
3879717130
2532790652
590284123
1643815661
10174540
494025037
2651698820
410737284
576903656
3596017924
3580146775
1567078267
4222730349
3825938394
1171110533
3332636925
4232057276
2954602316
38842987
2012594961
2130819294
1801110186
356498957
1385472725
2229445113
1365148539
1046296706
4072974910
4247381146
153904895
863432286
1529241705
1882097339
1319827313
3641086103
1017358551
2145138839
2673589055
1151826916
3447727192
2954816873
2905431978
926858666
3510101562
30803486
2718167970
318959099
595294223
3404350029
2704742456
1019112441
867491841
4166875500
3721963711
1589589326
3289226165
1244934067
2430761760
1410116913
4086818164
1766878801
3320690061
3856718742
3215533470
1984905741
2205729385
1220019431
272350345
2584622054
2493261708
3232706485
3256813946
3810161541
1273088224
3927831283
790152928
1529950056
2171967587
3507355564
3382137075
1178038679
2937904480
3017914124
2115351006
1722138570
4245606770
3647352205
2048682769
2463820445
1234789766
2847473282
3780859488
925215321
2364335659
3715981685
3726236902
1790324825
3518969298
3694170162
3516898514
1116007470
2026264301
1668561121
2093625863
3132239490
426489770
3378120149
1431913375
2137926246
1171785558
1164142101
1338794005
3576391783
1652352938
4202184643
4216425508
991407985
3341154678
177752337
1745190425
176187694
2799699182
1605796613
2590479049
1077085201
1585357544
3905709370
1891244563
3845178585
871061176
2794044481
523118171
3530373357
2124199590
3269969976
602634817
2656049645
1903844653
2372197032
4104146090
2840793741
19957493
2156376524
2682009181
244416531
886024556
1193555461
4220757885
17190674
1125522267
3562408829
1628242343
2855041570
1432605947
2391606117
2841574431
2083848912
2824566989
1149883249
3066692705
1464051366
1505249078
2892749335
32367894
677426055
2383235710
1871227224
3171934905
1272041424
2371675930
749667683
23294448
2824626734
225417249
693063475
1854880142
1932577802
3769925064
1213690445
3715177024
2860046827
3952919592
1076425557
987943729
4157311704
264982824
3086290530
4174322262
1499377124
1234281327
475429368
3017748611
2829239421
3414957816
163099727
2835361048
2751870157
1798275001
3231035685
4259025139
454897184
680460453
343057071
1272090869
615879643
4107629464
3620077712
871351581
3047137892
326858687
432270556
2543280047
2860114947
3417149165
2312258510
3826507680
4145722504
2418282755
3610337718
3780117513
535336428
2659336547
3637220800
1342576563
3289950090
3446833716
237560537
1574413772
851990494
1261582345
200731199
1671326056
1200376970
81477572
2025520526
3895094559
4110254838
1423844793
2617519621
2267347698
1994660107
748381528
3791967719
2451350151
407034100
1343782630
911636543
2081566194
4050684784
1278464851
58761240
457711976
3708102827
1474502185
1151601219
3956884428
1448397773
2623091390
3891411861
2710784229
1471267435
3787288706
2499797928
4108910396
3046481821
4164109533
2515647750
118043899
1097238279
767669531
2249015616
2098865607
1271024192
4010249730
4126240107
569921034
2884161634
1530311569
3197369369
1762160429
4147851486
765527463
3130558649
1470626526
2905411184
1750584136
3522926152
2874523597
3822856514
1558993884
3743178569
2867343416
3735760243
1011029319
760509200
570164161
356667659
1959740074
62514418
2907579160
547816341
429714125
432319087
20430977
698969638
714634842
1736413875
2037608879
3928830942
4253585745
1136938419
3961336860
1540062458
4137390653
1283205151
713832422
3337223149
3560703115
3480658133
615623435
1794007277
1909839260
3498659710
2941331812
3902577594
3471617209
1563145909
4002992219
8715499
951562161
2279510701
3513518173
2258672192
3811020654
