999999
109
111
113
114
192
193
272
273
275
277
266
1001
1002
1003
1008
1011
1012
1013
1021
1022
1023
1078
1103
1104
1105
1106
1107
1108
1109
1110
1111
1112
1113
1114
1116
1117
1119
1120
1122
1123
1124
1125
1126
1127
1128
1132
1133
1134
1139
1
2
7
101
13
14
22
3
4
40
77
850
851
92011
92012
92013
92001
92002
92003
92004
15047
16000
16001
16002
51526
34
52051
19
20
988
9888
9889
992
10100
52132
52133
52134
921
30001
40013
75014
75110
75111
75113
51001
51005
51401
3101
3105
71
41318
41319
41320
41297
56101
65209
980
9910
9911
987
15103
15104
701
56159
75013
52126
19117
65417
65422
65427
65428
65429
65430
65431
65432
65433
65434
65435
65437
65541
65542
65543
65544
65545
65546
65436
65426
65438
65439
65440
65441
65447
65466
65467
65468
65469
65471
65472
65473
65474
65475
65476
65477
65478
65479
65480
60029
75005
53001
51495
51496
51497
51498
51499
51502
54001
75011
75046
73501
73502
74001
74002
74011
74012
74013
74021
74022
74023
75047
75048
75050
75049
75055
75064
75098
75201
76002
76003
76013
76015
76033
76016
76017
76034
76009
76012
76011
70018
75057
75157
75257
30005
30006
30007
30008
52121
52122
52123
52124
52131
32001
32002
3106
3107
76006
76007
20001
265
26266
89997
89998
90000
90001
90002
90003
90004
90005
90006
90007
90014
90008
90015
90010
90011
90012
90013
100000
100001
100002
100003
100004
900004
900005
65452
1140
75019
75058
75059
75060
75079
75099
76010
76014
1500
1501
1502
1507
1508
1509
1512
1514
91017
810010
810011
810012
810013
810014
810015
810016
810020
810021
810022
11000
11001
11002
11003
11010
11011
11012
11013
11020
11027
11028
11021
11022
11023
11024
11025
11026
11030
11031
11032
11033
11040
11041
11042
11043
11050
11051
11052
11053
11060
11061
11062
11063
11070
11071
11072
11073
11080
11081
11082
11083
11090
11091
11092
11093
11100
11101
11102
11103
11110
11111
11112
11113
11131
11132
11133
11134
11141
11142
11143
11144
11151
11152
11153
11154
11161
11162
11163
11164
11171
11172
11173
11174
11181
11182
11183
11184
11191
11192
11201
11202
11203
11207
11204
11205
11206
11211
11212
11213
11214
11221
11222
11223
11224
11230
11231
11240
11241
11250
51504
51505
11501
11502
11511
11521
11522
11531
11541
11551
11561
11562
11563
11564
11571
11572
11573
11581
11582
11583
11591
11592
11593
11594
11595
11599
11601
11602
11603
11604
11605
11606
11607
11608
11609
11621
11622
11631
11632
11633
11634
11635
11636
11650
11651
11653
11702
11703
11704
11705
51235
51236
51237
51238
11801
11802
11803
11804
11805
11806
11807
75061
75062
75066
45107
45108
45109
45200
45201
56119
65035
65036
75083
75084
75085
75086
75087
75088
75089
75090
75091
75104
75105
75106
75107
75097
75108
55006
75100
75101
75102
75103
75109
75112
75114
75115
91
1031
1032
1033
1091
1092
1093
1061
1076
1062
1063
1055
1056
1039
1064
1045
1050
1065
1070
1034
1036
1037
1038
1010
290
409
410
351
352
353
354
355
35
356
501
502
23
24
25
116
321
322
324
325
65160
1201
40011
72
65418
65499
65419
1035
1080
1081
10004
10006
10007
10008
10005
10009
10018
10010
10031
10012
10013
10014
10015
10016
10017
10123
10124
10021
10022
10023
10025
10026
10027
10028
10029
10030
10032
10033
10034
10035
10052
10053
10054
10056
10057
10062
10063
10064
10099
10071
10136
10137
10066
10080
10081
10082
10083
10058
10098
10061
10068
13001
13101
13201
13031
13032
13033
13034
13035
13036
13037
13038
13039
13040
13041
10273
10079
10090
20002
20003
20004
20049
20050
20051
10108
20070
20101
20102
20071
10065
10110
10112
10067
10069
20086
10231
10232
10262
10336
10337
10109
10073
10087
10088
10089
14001
10078
10134
10135
10074
10075
10076
10077
10343
10344
10345
10346
10237
10238
10239
10177
10274
10283
10284
10290
10286
20009
20010
20011
20078
20052
20053
20054
20085
10278
10378
20025
10156
10159
10167
10267
10268
10166
20081
10163
10164
10169
20005
20006
20007
20008
20082
20058
20059
20060
20061
20083
10165
10160
10101
10103
20030
13017
10104
10293
10117
10111
20032
20072
10118
20035
20073
10105
20033
13029
10294
10279
10280
10380
10480
10282
11282
12482
10484
10485
10084
10085
10180
10086
10096
12100
12101
12102
11084
12084
10287
20036
13019
10288
10106
10107
10281
10125
10126
10277
10205
10276
10119
10120
10253
10251
10250
10254
20026
20027
20028
20079
20055
20056
20057
20080
10249
10252
10285
10256
10257
10258
10259
10260
10072
10121
10122
10011
10339
10234
1047
10338
10233
10070
10340
10235
10161
10115
10116
10162
10270
10271
10272
10275
15033
15155
15158
1515
15159
20094
15035
15038
15039
15040
15041
15050
15051
10055
15062
15063
15064
15072
20044
15070
15071
15052
15053
20076
20088
15205
15207
15208
17001
17003
17005
17006
10320
10321
10322
10168
10331
10332
17007
17008
17009
15030
10059
10060
10202
10128
10129
10094
10130
10131
10292
10132
10133
10295
10296
10207
10204
10211
20038
20062
15004
15006
20077
10213
20063
10127
10206
10201
10203
10210
10212
10214
10215
10216
10217
10219
10221
10222
10223
10138
10154
10155
10289
10389
10489
15204
15201
15202
15203
15206
15209
15210
15211
15212
15213
15216
15214
15215
10114
10139
10140
10303
10304
10350
10351
10341
10141
10142
10342
10143
10144
10352
20075
20095
10306
10381
10382
10383
10384
10385
20045
20067
10305
10310
10311
10312
20041
20042
20043
20064
20065
20066
10313
10314
10302
10318
10315
10329
10334
10330
10333
10361
10335
15032
15112
15034
15027
15036
15028
15031
10355
15065
10356
10244
15066
10245
10246
15029
15045
15046
15048
1025
1073
1074
1071
20098
20099
20199
20299
1026
20105
20106
1024
1069
20107
20108
1077
10324
10325
1052
10323
1067
1027
1029
1028
1030
1040
1042
1043
20097
20113
20114
1058
1158
1258
20092
20109
20110
20093
1059
1068
1168
1268
1060
10091
10092
10093
10095
10348
10349
10353
10354
10357
10241
10347
10242
10243
10247
10300
11301
11302
11303
11304
11305
11306
11307
11308
11309
11310
11311
11312
1066
1057
10236
10041
1072
1075
1041
20103
20104
20096
20111
20112
1044
1046
1048
1049
1051
1053
1054
1504
1505
1506
1511
1145
1146
1147
13002
13003
13009
13006
13010
13022
13011
13023
13012
13014
13013
13016
13018
13020
13021
13024
13025
13026
18001
18002
18013
18014
18021
18022
18103
18104
18105
18106
20039
20040
14002
14016
14017
14007
14010
14012
14020
20012
20013
21001
99996
99997
99998
99999
74
45803
814
815
708
45099
70
73
75
78
981
985
982
983
984
986
991
996
997
998
9987
990
18019
989
9997
994
9988
40009
291
60
44006
51519
51543
75068
52127
52128
41305
41306
41307
41317
41308
75065
75071
75072
75077
53
57
58
59
61
286
287
700
62
993
33002
51531
51538
45100
21005
7001
65
124
126
995
33001
33004
51511
51512
51515
51514
51601
51602
51603
51604
51605
51606
51607
51608
51064
51065
52013
52015
52026
51516
51517
51523
51521
51524
51536
51534
51537
51532
51539
51533
51520
51540
51548
51541
51542
52027
52029
52032
52033
52038
52039
52034
52042
52043
52045
56003
56005
56004
56129
56130
57023
65470
800014
800016
800018
800022
800023
65208
800024
99
125
320
39003
56127
51544
51545
51546
51547
51549
51551
51554
51555
51556
51557
51558
51559
51560
51561
51562
51563
51564
51565
51566
51567
51568
51569
51570
52046
52047
52048
52049
52050
52052
52053
52054
56154
70047
75063
75073
76008
75009
75010
75012
75151
75152
75153
75015
75020
75016
75017
75018
75021
75022
75023
75024
75030
75031
75032
75033
75034
75035
75036
862
863
1503
1510
1513
6650
60001
60002
60012
60003
60011
60004
60006
60054
60055
60005
60007
60008
60009
60028
60033
60035
60047
60065
60090
60091
60048
60052
60068
60087
60088
60089
60093
60095
60096
60213
60214
61001
62001
65009
65010
65082
65214
65215
65216
65217
65218
65219
65224
65226
65228
65230
65231
65234
65236
65450
65451
65453
65454
65455
65456
65457
65458
65463
65763
65863
65963
65464
65465
665236
665240
665241
665243
665244
65145
65161
65162
65163
65165
65166
65167
65168
65302
65251
65252
65253
65254
65255
65256
65257
65258
65259
65261
65262
65263
65264
65265
65304
65306
65305
65404
41298
41302
41327
41325
41326
41333
41328
41329
41330
41331
41332
41364
41340
41349
41341
41342
41355
41356
41357
41358
41359
45105
45900
45901
45902
11121
52136
65406
65410
65500
76021
76023
76024
76025
76026
6702
76027
76029
77000
77001
5001
5002
5004
5005
5006
5007
5008
5009
5010
5011
5012
5013
5014
5015
5016
5017
5101
5102
5103
5104
5105
5107
5108
5109
5110
5111
5209
5201
5202
5204
5106
5205
5206
5207
5208
5301
5302
5401
5503
5502
5504
5514
5515
5516
5517
5510
5505
5501
5507
5508
5509
5506
5519
5511
5512
5513
6700
6701
6703
6706
6709
6721
6801
6802
6803
6805
43001
65310
274
2744
65351
19115
19116
30004
3201
3211
3221
3231
3232
3233
3234
3235
3236
281
283
284
57026
52036
40015
40016
40017
40018
40022
40023
40024
40025
40026
40027
40028
40029
40030
40031
40032
40033
40034
40035
40037
40038
40039
40040
40041
40042
40043
40044
40045
40049
40050
40019
40020
40021
40060
40061
40062
40063
40071
40072
40073
40074
40075
40076
70100
70104
70106
70107
70109
70110
70111
70118
70119
70120
70121
70122
70123
70124
70125
70126
70128
70129
70130
70135
70132
70134
70136
70137
70144
70133
70139
70116
70138
70140
70141
70142
70143
70166
70167
70145
70147
70148
70131
70168
70170
70171
70149
70150
70151
70152
70154
70155
70156
70157
70158
70161
70162
70163
70165
70169
18030
18031
18032
41106
70051
70052
70053
70042
70043
70045
70061
729
730
731
732
733
734
735
736
737
70041
70044
70033
70022
70046
70054
70025
70026
70040
72051
72052
72053
727
70050
70055
70048
70056
70057
70058
70010
91002
91000
91001
70059
70060
70360
70001
70019
70002
70003
70004
70005
70011
70012
70992
70993
70994
70017
56140
561400
56120
56141
56142
56143
56144
56145
56146
56147
56149
56150
56152
56155
56156
56157
56158
56160
91100
7201
7202
7203
7205
7206
7204
7055
91101
91102
91104
91105
91151
91251
91107
91009
91010
91109
91011
51201
51203
51204
51211
51213
51214
51221
51223
51224
51231
51233
51234
7056
7057
7058
8000
8001
8002
8004
8005
8006
8007
8008
8009
8010
8011
8012
8013
8014
8015
8016
8017
8018
8019
8020
8021
8022
8023
8024
8025
8037
8038
8039
8040
8041
8042
9000
9001
9100
9121
9101
9102
9134
9103
9104
9105
9106
9107
9108
9109
9110
9111
9112
9113
9114
9115
9116
9117
9118
9132
9119
9120
9122
9123
9124
9125
9126
9127
9128
9129
9130
9131
9133
9136
9137
9138
80002
80003
80004
80005
80006
80007
80008
65461
65420
65421
12001
12002
12003
12004
12005
12341
12006
12007
12008
12009
12010
12016
12022
12019
12020
12021
12044
12023
12025
12026
12027
12028
12029
12030
12051
12052
12031
12032
12033
45104
12056
12057
12342
12043
12045
12046
12047
12048
12049
12050
12053
12054
12055
12034
12061
12036
12035
12037
12038
12039
12040
12041
12042
12060
12058
12059
40001
41003
41018
41019
41017
41001
41013
41015
41002
41004
41014
41016
41005
41008
41009
41010
41006
66004
66005
66045
66006
66007
66046
66008
66009
66047
66010
66011
66048
66012
66013
66049
66024
66025
66053
66014
66015
66050
66020
66021
66051
66038
66039
66059
66040
66041
66060
66034
66035
66057
66036
66037
66058
66026
66022
66023
66052
66030
66031
66056
66028
66029
66055
66002
66003
66044
66042
66043
40003
65448
65449
76004
76005
70021
70023
70024
75044
75045
75051
75052
75053
75054
75056
75067
75069
75070
75074
75075
75076
75078
709
723
724
725
726
728
810100
810101
810102
810103
810104
810105
810106
810107
810110
810112
810113
810114
810115
810116
810117
810118
810119
810120
810121
810122
55007
56000
56002
810200
810201
810202
810203
810204
51494
51501
45101
810306
810302
810303
810304
810305
51
52
54
55
250
251
252
253
254
255
257
258
260
259
51525
44005
10102
70995
70996
70999
70997
71000
71001
71002
71003
71004
