2633865648
1845123848
3334805491
1816100488
437384758
2231033663
4090747976
3143973541
2987516152
2135207947
2101462484
1343006095
4141737883
2005044073
3451099621
1877522609
1336329752
1373414994
1026022442
1024264698
2379400993
2107209541
2954739315
2627829940
2983458618
4232551473
667151353
2922115965
1652343648
3204663206
89589733
594199879
913222160
3059428559
3131791086
435186756
4291598744
4288840801
1790273350
730222436
1829462019
1981196000
2456164974
3604209965
332892519
815726773
3600360563
3108361170
710197249
314512599
758394602
2398579661
1499717382
1340976462
3454752215
1456293808
4275991360
1952398221
833474929
804520200
133009188
253121714
3576254727
3450371830
2981497550
1390511186
860008139
2412608138
1801268242
4270980952
1825277978
1766206771
2787339106
567713885
2850145013
3670987619
3872105856
2486548403
3150506761
793355120
3016397643
1256326502
3443690862
2335169743
4221389331
982954386
1247684407
507325778
2368009513
268818488
1283273446
1786850576
3751016608
2921787552
1024001256
3632638533
2782382242
1500070191
2573538353
2513127792
1859098392
570248932
3568470442
3408268119
419414612
1009904593
2503762841
1997990898
1790416122
3170834735
3568694783
2988747215
4161870221
3138255682
771106758
4217900481
3334021061
272323852
3922053899
601985361
3635923181
1432062001
3627347955
849323683
1748107260
1030176919
1551261905
3818125983
4281214205
320658444
3904000622
2607514921
2684462059
4190542562
2535325454
1096158924
159469563
4069214592
3254067499
3861014382
2951670219
753534702
91015321
812302700
599629937
582008862
4031384079
3296967199
2638036665
3855757103
2286895901
3667512953
3593532375
444977647
2729020678
332076408
3987696785
3137777741
2751138948
2712576834
2559115703
3556630327
1317703445
4186124676
974370449
2700763590
3090650334
1455562822
1345591309
743687348
923410935
2068232921
689499888
3476119557
3655693018
3054763864
2931260611
350630993
1245201245
2458377997
2137720353
1824025954
2625820115
4210421603
714344287
1490117720
2777201163
2755285013
1795800174
3462474794
4163606394
2812002420
374619926
566075533
1576724897
4256935677
1373844676
863727015
3467670404
618566519
3992560956
3969655474
2296076002
4088396524
915268662
3730047
1553959590
1043928078
1773860757
1957565687
3833028485
1575217307
3722427569
3166506431
2866271982
3213513272
2320039449
1806549645
333636416
1351131018
3806055463
2853023868
752509508
1178120718
1373876451
490966398
3454944914
1230401339
4047100211
406265720
3313481439
321862463
1850408411
252032060
3551164882
3013516107
242817913
3501265987
1585186771
1550623082
3557347589
2301907707
2730393434
1971553244
696774854
3939356980
2854920652
3991503592
3682058792
2661117830
2201591657
3205685204
4244071021
1909638133
1780647343
2584554158
2434268443
608035141
1420601620
378617162
3076951411
1085082738
3605255910
2444638571
4128289380
4167818904
109395200
1608037408
693687235
1998558187
1839254171
608378660
2473535450
2960168139
2182581079
1597982312
2215381694
3238776343
2073331331
3215891510
2666844528
340302391
3960297850
2526392338
674209403
1477769150
567540383
2735394120
2727401146
2246786516
1890474361
905847111
1679646213
2307293284
2355619158
1757531385
3880013000
3624145447
3987083095
1103087649
3608535272
392092835
2599762655
3020916124
3791050244
4013721403
1892124356
3583911792
2378838357
4000810324
891946531
1492957705
1634892191
2941254487
2842239934
254438247
3778916185
3785143376
1667577119
472130399
249071433
2537087865
3179768010
1110852109
575680992
3727596011
2295365795
486567372
1019699985
1472030020
910592798
641107934
2947474572
2509674536
2006985266
4170795801
1733888654
107617394
3949193464
1251723647
1012617110
2522688026
906910025
3624948122
2639994052
3051290794
2229969931
1523875076
3760249920
4090512570
3423591640
1126009294
1442298457
3144599968
946904548
3039603038
336736309
2614148281
3190954547
2082835645
901164420
186437814
1790891130
713188039
563362586
2132783557
2815834848
2292130490
779148079
2404058659
2325135528
3092568635
1694799644
1465043607
1273748654
3665488546
3581741502
801232663
2284975954
4191153319
2960085419
380276671
3994166997
2285546863
2798274317
1071802026
3023308558
2569128146
3962866905
3917803743
2029395886
2398021560
3880876
3247310445
4137207552
1812422302
1976085734
1459863354
3308194183
3737557560
3677428435
345942383
2924881614
2330678111
2032539179
1327206426
2322707257
3525769238
3388979360
1395234846
2760603927
411799251
2291753116
2666239796
89838311
375467809
2695730599
3146998500
956958288
264385872
2365788938
2055438437
2015934906
4266636107
3231549504
1291622514
1066582795
2186417852
2071701553
1740658447
3623321928
3069450439
271010557
184612926
989296595
105344188
1675379327
58516792
1458357853
3002923780
2996374784
3583968763
2793409324
3620531849
75547864
1773668377
1677458757
4057383848
3800096056
420318499
219832139
3496207933
2251488604
3966499917
3168856596
1319988053
1564883739
3684796574
1380025197
911856095
2119328224
44145022
1286767061
847951059
1240823560
652905590
1320062460
1742870092
2781472140
1193656955
2306399127
995888860
3321690148
2784593611
4197860323
3420749571
2042793513
792154222
