1225116907
4071736775
2044935396
348239728
1421596789
2041462244
1416558694
3350964954
1421803281
1710254808
2083848912
2298402652
3125798216
2901379606
720957123
2738265967
4161021444
3184465486
2778998651
3102756820
3978415463
2044365865
3875590943
3908062048
1837917868
3516898514
2145138839
2718167970
1786717878
1742041487
2597136127
3987542242
2262512633
2039687371
3118728814
3171934905
1234789766
2150726615
1864133009
3414957816
2047841540
2381979093
3177610515
2807854029
3496866458
891035330
2819706938
3577302860
3402531075
1630836525
1628242343
929946276
57911589
2790260713
2145882310
1909745868
1728890873
1144298950
1136938419
2744070755
1068160668
4166875500
426489770
3447727192
926858666
481150399
284525500
1773103812
1311921767
1476157155
3616422034
3408793577
1952319787
4287522327
2956940980
1281934236
62590215
3244578477
2965885754
244375726
778319532
2846971864
4063036655
1282140326
867491841
3518969298
3996660809
4072418979
4146399847
1559960996
4262902857
500052537
492108050
3256813946
3075167292
534186463
4143396777
1276536048
645622382
3617689053
2145455798
281663525
1800400750
306778018
1199952460
1794796350
582061455
1368656478
760417031
2637881051
1575959580
1420634227
2423968818
1361596154
2938238238
3125498531
3378120149
2205729385
1319827313
1019112441
1984905741
1327386899
3931013070
455940512
306912041
1655378783
1658912387
717416401
2827735074
3530470538
1484075280
1319867736
3557660803
3139221434
1215637248
225468510
1790324825
3321151763
2998177169
2327562477
976525594
4130669046
2819045197
479482300
4216425508
782804294
437379678
3508774039
62514418
2852938791
760509200
4250270636
1357644622
2764258512
1249646283
2135237585
4222441044
2104624625
242457049
225417249
4157311704
570164161
3226246228
3706449054
1076425557
480379098
3086290530
371350256
32510344
2184758530
2407457366
3647360307
511598360
3274214524
3877482903
2000944888
3266735630
264982824
2821033811
1076928163
4126783868
622763153
3483776399
1574413772
2995858002
490444699
847287436
3836468833
1476440216
544361855
1092718353
2093625863
3132239490
1151826916
3510101562
4210143268
806441359
315788512
1303146075
1160084988
4072974910
2841574431
1046296706
2391606117
4247381146
2855041570
1432605947
153904895
2312258510
237560537
3560703115
4137390653
3303355117
2155701555
3283130136
2277551178
3613993848
4250971836
2205192452
2907579160
1011029319
1969849455
1959740074
2470329207
2285805676
61239627
4147851486
782798167
3684012691
229505092
3889829435
1385549148
3562408829
1442095773
3987545985
2496631805
89846211
3082472619
1507390897
3956319005
765527463
3959493789
1787450494
3749187726
3995611354
3826507680
3499363560
4154187930
1338794005
3673495973
3104364136
2696211838
2882938817
2799699182
1585357544
651413069
2628310703
356667659
871351581
3047137892
2279510701
3513518173
3811020654
2258672192
3715981685
404907088
2122786899
213447181
1861851640
3828963120
512984168
3066692705
2490974507
1837797887
2118742772
2905431978
2704742456
3926056100
3658333052
949362904
867683167
3997581228
3363034295
447826438
4075117525
3175958662
3470469297
1116007470
2673589055
595294223
3839696572
265796626
3550542542
2430761760
2364335659
3780859488
3339260674
4104244374
163099727
2073166540
1859814976
448124913
3263136007
2184052205
3325791974
3952919592
1540062458
431725560
2790445061
1414745672
3164408119
1929168
1817661673
980341386
3036793253
2371675930
1173989222
4247213008
4052301457
1464051366
915835356
261837847
3716859354
1935028400
2858781186
2860046827
3389527774
4021157384
1668561121
2954816873
3404350029
3961336860
3124889407
820202081
1872044464
1272041424
925215321
933407593
2446953978
420182603
3794182204
3762545269
3719700014
4257184820
2895893744
1766298183
3224650397
226805020
2475653272
640075859
2690701129
1955836487
2824566989
556797916
4175980667
77728067
3060085267
366327008
1529238211
3295839784
2040855407
2782210027
3814933905
2229156165
3026157753
3332115767
2739080436
534280217
2626878906
1119687822
1762160429
3694170162
3641086103
30803486
1283590418
2625475003
1219652676
81689758
432270556
3319382134
1149883249
822065524
1803246962
2026264301
1017358551
318959099
3692236198
2573437779
2901418334
4046826839
2385758849
3286526787
3177273301
1093124969
3572137671
801831733
1410116913
3620077712
2412065602
845338476
1871227224
2463820445
2847473282
1418506839
4021381627
326858687
3885583244
314285642
2829239421
3215533470
1182882735
3721963711
1244934067
2584622054
851990494
3232706485
496206836
3547215769
1672940154
933058330
4010249730
1583825536
2666486379
569921034
3150372912
1608816314
2613114521
4126240107
2556582840
1271024192
1048296067
956912963
1953229557
2187756439
3488950248
3950205211
4102118318
1120125823
936381401
2377519884
1000546625
4015951899
1860243212
3456165237
4283661435
3328523684
1083668340
1786645446
3633750808
3950631696
1174767140
1865728936
1619209018
2629096913
3382137075
3192581331
355880908
2674696701
3956884428
544513496
1837591138
2074770028
371657723
3815034084
1802652615
1312147578
1151601219
1474502185
2970236023
2787662465
1846701157
799411695
3240167858
1178038679
3585976883
1781566110
4146676767
3682844243
3699836923
473081816
3064097764
2937904480
2115351006
1722138570
1374012352
3017914124
2543280047
4276205005
2784132738
733261872
1850174023
1442264804
888645688
3255747681
3726778961
1120582316
3222113934
3293446401
2828165329
3912268929
1620667380
3735760243
3309369288
623666195
1118514687
1763373414
984491904
3997862706
717900625
2820281155
2941331812
1666173589
463723012
765676308
3687719200
4002992219
3151400224
8715499
783093880
3498659710
1735453084
1909839260
4068028431
1480738181
1803375990
2104815962
1794007277
267693849
1563145909
1262955588
615623435
54517437
3803925043
2812443714
2683819758
401656462
951562161
2996750962
3471617209
557592311
1538836914
74151702
2855400185
3833660351
3902577594
3584252803
960211319
3054108838
1410485716
1935141287
1001963315
878022838
2964269593
2844583657
1961137413
447106638
63786175
4103274598
698763899
3978957870
2287750401
3577655824
3621728419
4178645542
541145603
1563793513
2210249693
837460314
1456948231
1840104696
3082400198
4257814272
2532790652
1643815661
4222730349
3879717130
2010742746
385645889
4070749767
334246008
1530311569
2815824866
471408184
1096268352
2381435240
2897055628
3649971393
2944282864
643845767
1142155234
877241106
946905810
663651167
1497678250
3565763670
3770678070
3037479491
3665916074
612231969
1738400114
713783123
335751367
4089995311
1750232880
4117726944
2790005080
2678695596
1430982603
1802706988
1632240966
1419723789
2746880270
2358721774
1376956922
2621409393
14950718
2307465658
2244526502
3087902066
3868890124
799308030
3810404605
1350076116
3303919610
440056183
2996610106
3828579547
959317265
2709639586
3920799351
1556715779
3363515413
3446865746
3501993694
3723369759
43250349
289268572
4210592238
866585265
2729128613
3328087299
454206766
572169051
1589522050
208114086
1452078797
1792160287
1847344987
943193755
3592637858
3760618203
848874276
2332433679
4219890491
1027670657
2805962610
2863924078
2423804300
443577653
2099584711
1979884975
2859302998
3066526063
2686536541
2336138052
1944525901
409280408
3720934665
3397156311
105057092
3173048532
2227965184
2581015745
2380044368
870284970
2569162719
2114580288
1018125741
2136311983
3688286468
2157589240
1597927261
1272111687
3799105303
2467609290
1002787487
1139528257
94990007
443841657
3991753681
3463576828
2860114947
518989125
630037705
1583473221
3269963921
2759958414
810628388
2658358762
2999742202
1649633728
3346772059
2695128643
4129024832
1016711162
18487976
1322218138
1896883990
687526866
4111396505
385743365
2090015859
199730422
3802654149
2963233077
2322535855
1278507108
3909442538
33294754
2516098335
3080609499
4068512155
1548878259
2608911003
1809020198
3780155784
1315506747
2361025683
636255444
144064046
3732687927
1902379862
4265818342
2784357582
2064393931
2833429678
2992464588
1261582345
4232057276
3689945810
1378498153
2907400157
248727786
1171110533
2173661635
2651698820
2478354790
3989776504
2308050399
1246550932
1800975738
2130819294
356498957
3332636925
2229445113
38842987
389360257
1248590677
3097175825
3825938394
2012594961
10174540
3089199180
1385472725
1776678548
1801110186
1365148539
1896611588
429714125
2113656486
327598577
2192533231
494025037
432319087
20430977
698969638
2406059202
1594926802
258296822
4215697875
43590204
1567078267
2690458910
1119710838
2376576509
3580146775
1678852569
3941152562
1377670484
841704151
3602470044
3488370632
1168614454
410737284
2369872632
4025918006
1935282025
3596017924
576903656
2764537477
308086741
929735023
545816146
2307439958
3172601605
700311865
1322589354
2404316701
2314149140
4074647264
226936669
3713787273
1246663344
3267125247
3249581761
1529889586
2562520539
1003998575
1358036555
2062990028
2673619486
3552897881
1254407729
790152928
3927831283
1273088224
1550412502
913381323
1032876141
3414476317
4007636449
314312762
1592690413
2163574453
519275793
142828444
3742913755
3810161541
1567526234
910693968
1263526615
1529950056
2171967587
3507355564
1065623145
2668280384
1049753924
714860334
2881948410
589980718
1554419724
805698216
2285369375
436576864
894403230
2547154496
48643044
958732125
2716675585
1220019431
272350345
1703867793
1889171422
729136447
3927267058
1641702246
1538343588
1829798643
3532337084
200731199
365860981
1671326056
2378462686
3480658133
1554647838
123244208
3221642345
1813019851
3050771392
3216266537
150957288
58761240
457711976
3708102827
3511443782
1941998171
111839446
420301322
2797942345
1574630910
3410385054
1803749752
2534435782
2015654882
1986233541
3214192931
4260850693
4170539565
36861034
4009919388
2372197032
4104146090
19957493
886024556
17190674
2836878983
843621100
2366854783
1118544699
1033469999
3005393573
2690238738
3967453046
4156201586
2340179834
2892749335
32367894
1357152937
1051078381
183645452
2544954725
519981660
2894752438
2650732744
1692667510
677426055
2383235710
3819775104
1023897047
802466567
2372813548
332932472
1869210301
2586398577
491974213
3271540168
3688784220
584413203
1881065442
2156376524
2682009181
4077232850
1193555461
4220757885
115942298
244416531
380445326
69276048
545608536
3112467886
224464953
2386026288
229212657
3254639175
931459424
3303244136
734177761
760722764
1095552657
2414428158
747108533
1298906215
3866205231
269935752
2799446238
2087834922
2840793741
1125522267
3985629975
2136409594
1059232964
1428003816
2719037377
3021516275
1786582683
3221083360
3213837618
136442847
3101421475
1108617014
2082063227
1200376970
2228498225
1749815097
251282158
3671135443
276588007
3249203635
2688993139
1020040518
2271044526
1119236219
855047647
1668047787
470340577
1433792505
1609647004
2884161634
1463938541
2464463628
3395298039
596845376
2803798459
684550097
2509425548
475792522
2696300077
550250253
3197369369
2584468571
74850648
1103000203
3988319626
2033818141
411479372
1342576563
3289950090
3195911108
4086818164
1993272504
1642031166
164866239
1957420190
2462504888
295380836
3485982436
576177945
236242782
3869194980
1060705499
536772393
2516638666
4084277577
2367397529
1273531049
3563884196
924278488
1710145557
2568666353
3045963772
1104614578
4285827675
2489974498
2532921787
3398684498
3856718742
987943729
3159924553
1683541356
2610109897
1766878801
3606146631
3666806643
3320690061
3726236902
34814324
285749683
422765938
2721408304
99379260
1143739165
1043574215
3715177024
1505249078
1878536708
3805764425
412438769
768705289
1894249738
2935587691
350904213
547816341
3713088994
714634842
1949831063
693063475
1213690445
2573918350
1559502494
1480553636
3572426441
889824533
1910814490
1647173794
2611039603
2349999126
2937036105
1590732814
1617074605
1589589326
156968572
3438678813
1966762600
3683862589
2167894049
3485270077
889442247
210076013
3879634906
2937990727
1612797270
430810569
2355407025
1721176138
3446833716
3940052105
1479347043
1431913375
3416868797
4238404714
1730917437
2327163304
2380823769
122518820
175661368
741892724
176187694
2590479049
476957215
1077085201
1195993331
4183103261
2360048826
1278505393
3130558649
633435114
373460243
2522368133
266385128
1926455429
1745190425
1605796613
97559595
1198026428
475429368
1711433463
2794044481
2977598551
3519103140
1897403839
523118171
3269969976
3972018155
1234281327
1641779684
871061176
1165211012
2493261708
2805316736
1891244563
1947243130
3351088449
883997884
3755855479
2402570838
1171785558
2656049645
2188934993
4258268715
3282931418
2479942678
1652352938
23294448
3471039333
92678972
4225605471
2449781429
372299706
3425102807
2271447237
3042589246
2125941401
3347455283
4091357909
3341154678
1097873212
1451844604
727551887
2877143113
1338420529
60563106
3668180504
1882097339
1733388882
3065862210
1477123186
1055284176
3316364763
3550816312
3685760097
2276486794
3281532098
828537275
3343332450
2127268764
261654714
177752337
4147511581
122743463
2548165282
1686079840
3527997481
4126202147
2857615026
2169905756
2861635908
4202184643
2824626734
3647352205
1181658754
1544589691
2150268223
1107983696
3289226165
502305317
3597318266
4022976391
2983297154
2742517940
667380964
114291795
2048682769
716968017
3759028483
1903844653
1231892656
1440029948
2540681665
2411119949
4037189002
1175737155
4226182232
3164843554
1105379884
2947284114
2245884395
3360700514
333360037
3156725387
3282928622
392134441
4069290720
1551020683
213608465
2769204743
353848239
3976634686
3905709370
1177118863
1097477874
2743737555
2137926246
3859235088
602634817
651624752
2421710614
1662999905
3576391783
749667683
490631352
2180839178
1137712195
3050627829
1146159232
568053160
1700798760
2297610584
1540605285
2229810341
3547754981
1689552357
859415166
1620223562
811507926
3619962154
1293897503
991407985
4094100123
3251515650
1996077889
470218211
1868597467
4272148021
3315499632
1529241705
589387185
2432951753
1526790924
1310488699
1172289200
966663917
3344029988
420896159
727789688
2614034206
2693948241
2815779470
972785982
116187798
3792849594
24504570
186737483
3893598190
487454202
1002476610
617620532
2900551850
1956293067
1888464890
880644826
2180519620
1008746568
3182173925
1914225775
2901416210
1510040130
101661860
7076612
1629618416
1156259609
863432286
2595322383
2133019607
3855217872
4091481780
3790631614
1744046054
2902145676
2124199590
1283205151
3928830942
1253667380
713832422
2647810440
2037608879
3337223149
667251157
1146692136
2570457719
3530373357
149061603
3933041521
1736413875
4253585745
2421764998
3172002171
2495298441
262034946
416473448
645200098
2917318123
1114969547
1817752073
1675396475
4203960008
3810643246
3741670885
535336428
932621562
3635101428
3726875664
2410764534
1044495903
1053021566
4261910430
589885621
2202549946
4280102722
1635430701
4072781139
2659336547
3624943737
1160905127
3108776994
70391562
91001200
1383395331
1773029591
1068495241
2515647750
4153624065
1136973518
2624115072
2113267396
3637220800
2493841024
2733989939
641781120
995890375
3540072758
1043398574
1637401991
3023391346
3414312380
615879643
2818955987
2591950820
277854028
3478861843
2646201304
2293709544
4189175681
4110307063
3535025536
606307300
2753293117
3610337718
4145722504
2418282755
2025520526
81477572
4146130505
505547654
2331557022
3458866603
684411774
637290762
1840800649
501133219
963143955
4029133625
1168670630
4016932910
791121516
3464688028
182007541
3335611040
1997424819
3612740496
3668782427
614649363
118043899
1097238279
3895094559
1994660107
1343782630
3780117513
427304587
4202946706
3035735258
3747420945
1360884687
218097040
2222601478
2404033462
4288492264
647595375
3774393038
917357335
1789449493
3803009423
4153535776
2021674807
2470806238
512298267
792848257
2874523597
3822856514
4110254838
748381528
1278464851
1470626526
3261516628
2620139350
3116004979
1162524297
1798027161
404498784
1049281680
3077460173
2543274961
2536972446
2097891605
1919011411
2180185929
2190109199
1558993884
1423844793
3791967719
911636543
2905411184
953069429
209210388
498897656
2397288888
2563786664
1103916907
3958779636
1441760712
3203499640
2680557182
1946851216
291728338
2031797869
2102513695
3743178569
2617519621
2451350151
2081566194
1750584136
138104756
3093331617
1684090129
1781231428
643866763
1715880362
3925395261
1609394495
3144530747
127283387
2187205001
1822794360
1721728130
4137074976
3131453081
1011446566
2867343416
2267347698
407034100
4050684784
3522926152
2003941083
767669531
2249015616
1743891488
3891411861
2710784229
3787288706
717711236
3046481821
4164109533
1471267435
113364826
2499797928
4108910396
1715793236
1448397773
2623091390
