18167
18171
18172
18163
18177
18279
18280
18281
18282
18283
18284
18285
18286
18287
18288
18289
18290
18291
18292
18293
18294
18295
18296
18297
18298
18305
18304
18303
18302
18299
18300
18301
18306
18307
18308
18309
18310
18311
18312
18313
18314
18319
18315
18316
18317
18320
18322
18321
18323
18324
18325
18326
18327
18318
18328
17157
1
18142
18133
17507
16989
17062
17063
17039
17678
17042
17038
17159
17151
17160
17141
17158
17060
17044
17085
17601
17034
211
17096
17402
17143
17616
17243
17618
17357
17056
17380
17619
17411
17620
17622
17473
17621
17623
17054
17384
17383
17387
17388
17598
17389
17390
17425
17494
17025
17026
17391
18153
18104
17392
17679
17004
17005
17006
17007
17393
17009
17395
17396
17397
17399
17400
17003
17401
17604
17398
17166
18469
17403
17102
17482
17051
18555
17305
17244
17245
17246
18155
17138
17545
17394
17879
17881
17883
17884
17885
17886
17887
17888
17923
17924
17976
17977
17978
17979
17980
17981
17982
17983
17984
17985
16966
17071
17386
17405
16994
17406
17019
17111
18501
17112
17110
17113
17404
17986
17987
17988
17989
17408
17498
18558
17546
17409
18201
18329
18202
18203
18200
18204
18494
18194
17410
17233
17307
17511
18524
17522
18217
18195
17432
18218
17104
18196
17447
17448
17449
18197
17451
17518
18525
18526
18198
18199
18136
18193
18528
100
17680
17749
17750
17751
17752
17753
17768
17769
17770
17771
17820
17827
17828
17605
18568
17095
17412
17413
17415
17414
17416
17417
17418
17168
17419
17179
17181
17180
17182
17183
17184
17185
17186
17748
18221
17420
17606
17607
17608
17609
17610
17611
17612
17629
17630
17426
17631
17736
17741
17880
17882
17890
17927
17944
17945
17946
17947
18552
17427
17948
17949
17950
17951
17952
17953
17954
17955
17956
17957
17958
17959
17428
17960
17961
17962
17963
17964
17965
17966
17967
17968
17969
17970
17429
17971
17972
17973
17974
17430
17435
17436
17437
17438
17439
17461
17462
17463
17464
17465
17466
17467
17468
17774
17469
17470
17474
17475
17476
18145
17472
17477
17478
17479
17481
17483
17484
17485
17925
17486
17487
17488
17489
17490
17491
17492
17493
17917
17918
17919
17920
17921
17922
18138
17512
17513
17302
17298
17059
17300
17299
17514
17290
17291
17292
17293
17294
17335
18474
18186
17516
17204
17663
17664
17665
17666
17667
17668
17669
17670
17671
17672
17673
17674
17675
17676
18477
17515
17036
18107
17077
18119
18222
18113
18116
18117
18118
18134
18114
17223
17224
17206
17247
17220
17267
17221
18109
18125
18129
17041
17567
17730
18330
18094
18095
18096
18097
18098
18099
18101
18506
18507
18508
18509
18510
18511
18512
18513
18514
18515
17119
17161
17534
17536
17407
17031
17226
16960
17777
17001
16962
16963
17296
17558
17677
17519
17520
17521
16968
16970
17087
17199
17458
18135
17045
18178
16971
16972
18206
16973
17569
17571
17572
17573
17547
17550
17727
17728
17729
16979
17731
17732
17733
17734
17735
16993
16975
16978
17495
16985
17739
17740
17872
17873
17162
18184
17595
17596
16987
17501
18207
16961
18495
16976
17574
17575
17576
17577
16977
17578
17579
17580
17581
18208
16980
17582
17583
17584
17585
16982
17586
17587
17588
17589
16984
17593
17594
17737
17738
18665
17094
17163
17874
17875
17876
18209
18137
18139
18219
18210
18211
18212
17877
18185
18529
18530
18531
18532
18533
18517
18545
18534
18535
18536
18522
17316
17990
17991
17992
17993
17994
17995
17996
17997
17998
17999
18000
18001
18002
16981
18003
17103
18004
18005
18006
18007
18008
17928
18009
17603
17064
17140
18010
18250
17142
18011
18012
17560
18013
17137
17207
18106
17174
17175
17176
17423
17105
17106
17107
17108
17109
18014
17080
17139
17265
17266
17027
18502
18503
18504
17268
17385
17559
17561
17562
18468
17563
17117
17301
17564
17028
17114
16998
16999
17000
17002
17524
17525
17526
17527
17528
17529
17530
17531
17431
18105
17008
17532
17533
17010
17566
17599
18015
18016
18017
18251
17659
17660
17615
17011
17012
17013
17014
17118
17018
17542
18140
17020
17021
17022
17023
18154
17024
17424
17535
17537
17538
17121
17208
17145
17269
17356
17378
17381
17446
17517
17540
17541
17544
17565
17597
17617
17658
18074
18075
18076
18077
18078
18079
18080
18081
18082
18034
18083
18084
18036
18085
18086
18035
18038
18087
17778
18040
17785
18042
17795
18037
18044
18088
18039
18046
18089
18041
18048
18090
18022
18043
18050
18091
18024
18052
18026
18045
18054
18092
18047
18056
18093
18049
18058
17781
18028
18051
17787
18053
18060
18021
18030
18055
18062
18023
18057
18064
18025
18059
18027
18032
18061
18029
18063
18031
18065
18033
18066
18067
18068
18069
18070
18071
18072
18073
17539
17167
17624
18252
18253
18254
18255
17625
18256
18257
18258
18259
17626
18260
18261
18262
18263
17055
16974
18108
17600
18223
17613
18559
18560
18561
18562
18563
18564
18146
18220
17326
18147
17497
17065
16995
17066
17067
17150
17068
17069
17070
3
17225
17072
17075
18141
18486
18673
17046
17681
17032
17078
17079
18144
17052
18224
17136
17549
17523
17081
16990
17878
16965
17030
17453
17035
17043
16991
18519
17082
17083
17570
17084
17057
17086
17177
18556
17050
17506
17444
17459
18537
18538
18331
18332
18333
18334
18335
18336
18337
18338
18339
18340
18341
18342
18343
18344
18345
18346
18347
18348
18349
18350
18351
18352
18353
18354
18355
18356
18357
18358
18359
18360
18361
18362
18363
18364
18365
18366
18367
18368
18369
18370
18371
18372
18373
18374
18375
18376
18377
18378
18379
18380
18381
18382
18383
18384
18385
18386
18387
18388
18389
18390
18391
18392
18393
18394
18395
18396
18397
18398
18399
18400
18401
18402
18403
18404
18405
18406
18407
18408
18409
18410
18411
18412
18413
18414
18415
18416
18417
18418
18419
18420
18421
18422
18423
18424
18425
18426
18427
18428
18429
18430
18431
18432
18433
18434
18435
18436
18437
18438
18439
18440
18441
18442
18443
18444
18445
18446
18447
18448
18449
18450
18451
18452
18453
18100
18454
18455
18456
18457
18458
18459
18460
18461
18462
18463
18464
18465
18466
18467
18102
17242
17120
17232
17551
17263
16969
18115
17100
17421
17568
18103
18488
16986
17850
17869
17870
17871
17889
17891
17892
17893
17894
17895
17896
17897
17898
17899
17900
17901
17902
17903
17904
17905
18570
17101
17090
17091
17092
17093
17906
17907
17908
17909
17910
17911
17912
17913
17975
17089
17098
17099
17115
17116
17164
17200
16967
16988
17017
17122
17123
17124
17125
17126
17127
17128
17129
17130
17131
17132
17133
17134
17135
17171
17172
17173
17192
17193
17194
17211
17212
17213
17279
17280
17281
17195
17234
17235
17471
17682
17196
17683
17684
17685
17686
17197
17687
17198
17688
18489
18547
17058
17689
18548
17690
16996
16983
17169
18553
17214
17691
17692
17693
17614
17215
17695
17696
17697
17216
17698
17699
17700
17701
17217
17702
17703
17704
17705
17218
17706
17707
17708
17170
17219
17097
17088
17190
17191
17209
17210
17277
17278
17365
17372
17222
17165
17286
17313
17500
17503
17504
17505
17282
17709
17710
17711
17712
17283
17713
17714
17715
17716
17284
17717
17718
17719
17720
17285
17721
17722
17723
17724
17725
17726
17287
17754
17755
17756
17757
17288
17758
17759
17760
17761
17205
17762
17763
17764
17765
17379
17433
17434
17450
17543
17557
17590
17591
17592
17766
17742
17743
17744
17745
17767
17772
17773
17775
17661
17662
17694
17793
17914
17915
17916
17926
17929
17779
17780
17782
17783
17784
17930
17931
18149
17932
17933
17934
17935
17936
17937
17938
17786
17788
17939
17789
17790
17791
17792
17940
17941
17445
17794
17942
17943
18018
18019
18020
17295
17348
18143
17029
17053
18225
18226
18227
18228
18229
18230
18231
18232
18233
18234
18120
18265
18121
18266
18267
18235
18236
18237
18268
18122
18269
18270
18123
18110
18238
18239
18240
18124
18241
18242
18243
18126
18127
18271
18272
18273
18111
18244
18245
18246
18128
18247
18248
18249
18130
18131
18274
18275
18276
17347
17349
17073
17350
17480
16997
18151
18551
18152
18521
17796
17797
17798
17799
17800
17801
17802
18179
17803
18213
17747
17804
17805
17806
17807
17808
17809
17810
17811
18180
17812
17813
17814
17815
17816
17817
17818
17499
18181
17819
18214
18277
18278
17047
17821
17822
17823
17824
18182
17825
18215
17826
17048
17049
18183
17829
17830
17831
17832
17833
18216
17187
17188
17189
17289
17496
17297
16964
17236
17552
17553
17554
17555
17556
17627
17628
17632
17633
17634
17635
17636
17637
17638
17639
17640
17641
17642
17643
17644
17645
17646
17647
17648
17649
17650
17651
17652
17653
17654
17655
17656
17657
18478
18479
18480
18481
18482
18483
18484
18485
18490
18498
17033
17336
17508
17509
17510
17076
17074
17275
17276
18505
18520
16992
17016
17144
18565
17015
17548
17040
17201
17502
17202
17203
17227
17228
17229
17230
17231
17061
17834
17835
17146
17147
17148
17149
17178
17237
17238
17239
17240
17241
17836
17837
17248
17249
17250
17251
17252
17838
17253
17254
17255
17256
17257
17382
17839
17840
17258
17259
17260
17261
17262
17440
17452
17841
17842
17843
17844
17152
17153
17154
17155
17156
18622
18623
18624
18625
18626
18627
18628
18629
18630
18631
18632
18633
18634
18635
18636
18637
18638
18639
18640
18641
18642
18643
18644
18645
18646
18647
18648
18649
18650
18651
18652
18653
18654
18655
18656
18657
18658
18659
18660
18661
17441
17422
17454
17845
17270
17271
17272
17273
17274
17846
17308
17309
17310
17311
17312
17442
17455
17314
17315
17847
17848
17317
17318
17319
17320
17456
17321
17322
17323
17324
17325
17443
17849
17327
17328
17329
17330
17331
17332
17333
17334
17037
17851
17358
17602
17852
17853
17854
17855
17776
17303
18523
17306
17304
17856
17857
17337
17338
17339
17340
17341
17858
17371
17859
17342
17343
17344
17345
17346
17460
17860
17351
17352
17353
17354
17355
17868
17373
17374
17375
17376
17377
17861
17862
17863
17359
17360
17361
17362
17363
17457
17364
17864
17865
17866
17867
17366
17367
17368
17369
17370
18112
