1000066
1000695
1000929
1000950
1000169
1000932
1000939
1000943
1000947
1000937
1000948
1000957
1000961
1000936
1000945
1001500
1000786
1000949
1000955
1000084
1000930
1000933
1000934
1000942
1000946
1000953
1000956
1000696
1000931
1000938
1000941
1000954
1000960
1000935
1000944
1000952
1000959
1000940
1000951
1000082
1000045
1002819
1000374
1001172
1001232
1001233
1001234
1001235
1001236
1001237
1001238
1001239
1001240
1001241
1001242
1001243
1001244
1001245
1001246
1001247
1001248
1001249
1001250
1001251
1001252
1001253
1001254
1001255
1001256
1001257
1001258
1001259
1002884
1002885
1002886
1002887
1002888
1002889
1002890
1002891
1002892
1002893
1002894
1002895
1002896
1002897
1002898
1002899
1002900
1002901
1002902
1002903
1003544
1003545
1003546
1003547
1003548
1003549
1003550
1003551
1003552
1003553
1003554
1003555
1003556
1003557
1003558
1003559
1003560
1003561
1003562
1003563
1003564
1003565
1003566
1003567
1003568
1003569
1003570
1003571
1003572
1003573
1003574
1003575
1003576
1003577
1003578
1003579
1003580
1003581
1003582
1003583
1003584
1003585
1003586
1003587
1003588
1003589
1003590
1003591
1003592
1003593
1001260
1001261
1001262
1001263
1001264
1001265
1001266
1001267
1001268
1001269
1001270
1001271
1001272
1001273
1001274
1001275
1001276
1001277
1001278
1001279
1001280
1001281
1001282
1001283
1001284
1001285
1001286
1001287
1001288
1001289
1002904
1002905
1002906
1002907
1002908
1002909
1002910
1002911
1002912
1002913
1002914
1002915
1002916
1002917
1002918
1002919
1002920
1002921
1002922
1002923
1003594
1003595
1003596
1003597
1003598
1003599
1003600
1003601
1003602
1003603
1003604
1003605
1003606
1003607
1003608
1003609
1003610
1003611
1003612
1003613
1003614
1003615
1003616
1003617
1003618
1003619
1003620
1003621
1003622
1003623
1003624
1003625
1003626
1003627
1003628
1003629
1003630
1003631
1003632
1003633
1003634
1003635
1003636
1003637
1003638
1003639
1003640
1003641
1003642
1003643
1001290
1001291
1001292
1001293
1001294
1001295
1001296
1001297
1001298
1001299
1001300
1001301
1001302
1001303
1001304
1001305
1001306
1001307
1001308
1001309
1001310
1001311
1001312
1001313
1001314
1001315
1001316
1001317
1001318
1001319
1002924
1002925
1002926
1002927
1002928
1002929
1002930
1002931
1002932
1002933
1002934
1002935
1002936
1002937
1002938
1002939
1002940
1002941
1002942
1002943
1003644
1003645
1003646
1003647
1003648
1003649
1003650
1003651
1003652
1003653
1003654
1003655
1003656
1003657
1003658
1003659
1003660
1003661
1003662
1003663
1003664
1003665
1003666
1003667
1003668
1003669
1003670
1003671
1003672
1003673
1003674
1003675
1003676
1003677
1003678
1003679
1003680
1003681
1003682
1003683
1003684
1003685
1003686
1003687
1003688
1003689
1003690
1003691
1003692
1003693
1001320
1001321
1001322
1001323
1001324
1001325
1001326
1001327
1001328
1001329
1001330
1001331
1001332
1001333
1001334
1001335
1001336
1001337
1001338
1001339
1001340
1001341
1001342
1001343
1001344
1001345
1001346
1001347
1001348
1001349
1002944
1002945
1002946
1002947
1002948
1002949
1002950
1002951
1002952
1002953
1002954
1002955
1002956
1002957
1002958
1002959
1002960
1002961
1002962
1002963
1003694
1003695
1003696
1003697
1003698
1003699
1003700
1003701
1003702
1003703
1003704
1003705
1003706
1003707
1003708
1003709
1003710
1003711
1003712
1003713
1003714
1003715
1003716
1003717
1003718
1003719
1003720
1003721
1003722
1003723
1003724
1003725
1003726
1003727
1003728
1003729
1003730
1003731
1003732
1003733
1003734
1003735
1003736
1003737
1003738
1003739
1003740
1003741
1003742
1003743
1001350
1001351
1001352
1001353
1001354
1001355
1001356
1001357
1001358
1001359
1001360
1001361
1001362
1001363
1001364
1001365
1001366
1001367
1001368
1001369
1001370
1001371
1001372
1001373
1001374
1001375
1001376
1001377
1001378
1001379
1002964
1002965
1002966
1002967
1002968
1002969
1002970
1002971
1002972
1002973
1002974
1002975
1002976
1002977
1002978
1002979
1002980
1002981
1002982
1002983
1003436
1003437
1003438
1003447
1003448
1003449
1003450
1003451
1003452
1003453
1003454
1003455
1003456
1003457
1003458
1003459
1003460
1003461
1003462
1003463
1003464
1003465
1003466
1003467
1003468
1003469
1003470
1003471
1003472
1003473
1003474
1003475
1003476
1003477
1003478
1003479
1003480
1003481
1003482
1003483
1003484
1003485
1003486
1003487
1003488
1003489
1003490
1003491
1003492
1003493
1002984
1002985
1002986
1002987
1002988
1002989
1002990
1002991
1002992
1002993
1002994
1002995
1002996
1002997
1002998
1002999
1003000
1003001
1003002
1003003
1003004
1003005
1003006
1003007
1003008
1003009
1003010
1003011
1003012
1003013
1003014
1003015
1003016
1003017
1003018
1003019
1003020
1003021
1003022
1003023
1003024
1003025
1003026
1003027
1003028
1003029
1003030
1003031
1003032
1003033
1003034
1003035
1000094
1000303
1000120
1000577
1000145
1000437
1000448
1000450
1000451
1000465
1000656
1000657
1000658
1000288
1000871
1000872
1000873
1000874
1000875
1000876
1000331
1002843
1003204
1003205
1003206
1003207
1003208
1003209
1003210
1003211
1003212
1003213
1003214
1003215
1003216
1003217
1003218
1003219
1003220
1003221
1003222
1003223
1003224
1003225
1003226
1003227
1003228
1003229
1003230
1003231
1003232
1003233
1003234
1003235
1003236
1003237
1003238
1003239
1003240
1003241
1000467
1000468
1000469
1000470
1000471
1000472
1000473
1000474
1000475
1000476
1001425
1000477
1000479
1000480
1000481
1000482
1000483
1000484
1000485
1000486
1000487
1000488
1000489
1000490
1000491
1000492
1000034
1000857
1001022
1001023
1001024
1001894
1001896
1001897
1001898
1002103
1002104
1000443
1000228
1000441
1000401
1001442
1001443
1001444
1001445
1001446
1001447
1001448
1001449
1001450
1001451
1001452
1001453
1001454
1001455
1001456
1001457
1000431
1000260
1000686
1000747
1000921
1000922
1000923
1000325
1001384
1001385
1001386
1001387
1001388
1001223
1001228
1001391
1001392
1001393
1001394
1001395
1001396
1001214
1001229
1001468
1001474
1001480
1001486
1001487
1002197
1001489
1001490
1001491
1001492
1001493
1001494
1001495
1001496
1001497
1001498
1001499
1002243
1001501
1001502
1000828
1000829
1000830
1000831
1000832
1000982
1001016
1003957
1003958
1004406
1004407
1004408
1004409
1004410
1004472
1004465
1004466
1004467
1000209
1000214
1000217
1000642
1000653
1000672
1000599
1000600
1000601
1000234
1000238
1000239
1000602
1000603
1000604
1000677
1000689
1000690
1000593
1000594
1000192
1000691
1000692
1000765
1000924
1000925
1000926
1000927
1000928
1000698
1000699
1000700
1000701
1000702
1000704
1000705
1000706
1000707
1000708
1000710
1000711
1000712
1000713
1000714
1000655
1000715
1000716
1000717
1000718
1000719
1000720
1000721
1000722
1000723
1000897
1000898
1000899
1000900
1000901
1000902
1000903
1000904
1000905
1000906
1000605
1000606
1000607
1000608
1000609
1000610
1000611
1000612
1000613
1000143
1000725
1000726
1000727
1000728
1000729
1000730
1000731
1000732
1000733
1000734
1000736
1000737
1000738
1000739
1000740
1000790
1000791
1000792
1000793
1000794
1000886
1000887
1000888
1000889
1000890
1000891
1000892
1000893
1000894
1000895
1000138
1000907
1000908
1000909
1000910
1000911
1000912
1000913
1000914
1000915
1000916
1001399
1001400
1001026
1001027
1001028
1001029
1001030
1001032
1001033
1001034
1001035
1001036
1001037
1001038
1001039
1001040
1001041
1001043
1001044
1001045
1001046
1001047
1001048
1000144
1001202
1001203
1000196
1000304
1003192
1003193
1003194
1002159
1002160
1000396
1002161
1002162
1002163
1000423
1002158
1000625
1002164
1001993
1001994
1000550
1002862
1002863
1000389
1002192
1000230
1000493
1002864
1000085
1000086
1001941
1000059
1001463
1000841
1000305
1000632
1001876
1000088
1000778
1000029
1000395
1000801
1000807
1000514
1001618
1001620
1000424
1000173
1000426
1000050
1002054
1000836
1001735
1000837
1000368
1001201
1000372
1001174
1001175
1001176
1001177
1001178
1001179
1001180
1001181
1001182
1001183
1000758
1000102
1000103
1002048
1000044
1000974
1001190
1001539
1001540
1001542
1000377
1000864
1001426
1001427
1000438
1001644
1001645
1001646
1001647
1001669
1001678
1001679
1001671
1002252
1000552
1000553
1000973
1001078
1001067
1000170
1001098
1001079
1001074
1001065
1001090
1001071
1001097
1001084
1001077
1001068
1001075
1001099
1001101
1001103
1000670
1001465
1000770
1001569
1000327
1000328
1001100
1001102
1001114
1001107
1001110
1001104
1001106
1001113
1001115
1001089
1000398
1000330
1000844
1001109
1000118
1000575
1000587
1000591
1000595
1000596
1000597
1000617
1000618
1000619
1000036
1000523
1002129
1002130
1001423
1002131
1002132
1002133
1001422
1000130
1000370
1002865
1000333
1000334
1000335
1000336
1000337
1000338
1000339
1000340
1000341
1000342
1000343
1001428
1001145
1000654
1000846
1001429
1001430
1001431
1001198
1002204
1001208
1000406
1000420
1001672
1001673
1000855
1000554
1000555
1000556
1000557
1000564
1000381
1000201
1000503
1001050
1001049
1000291
1000165
1000533
1001054
1001052
1001055
1001053
1000300
1000643
1000462
1000375
1000290
1000202
1000154
1000402
1000264
1000221
1000693
1000962
1000963
1000376
1000499
1000970
1000641
1000566
1000454
1000685
1000433
1000917
1000918
1000919
1000226
1000323
1000324
1000785
1002642
1000466
1000547
1000754
1000771
1000772
1000530
1000976
1000049
1001556
1001557
1001558
1000964
1000965
1001658
1001659
1001660
1000977
1001579
1001580
1001581
1001582
1000966
1000967
1000000
1000002
1002055
1000003
1002044
1002007
1002008
1000673
1002009
1000033
1000496
1001125
1000410
1000449
1000455
1000427
1000428
1000429
1000005
1000868
1001155
1000400
1000379
1000648
1000380
1000074
1003963
1001432
1000896
1001433
1001434
1001146
1001435
1001156
1001167
1001436
1002275
1000847
1001194
1000076
1000136
1001158
1000099
1001154
1001164
1000091
1001184
1001186
1001187
1001191
1001192
1002242
1000558
1000559
1000560
1000563
1000565
1000748
1000756
1000768
1000753
1000078
1000205
1000293
1000637
1000650
1000652
1000667
1000752
1000761
1000762
1000651
1000755
1000759
1000631
1000750
1000763
1000760
1000764
1000767
1000769
1000766
1000407
1000821
1000497
1000835
1000795
1000920
1000797
1000634
1000799
1000222
1000820
1000826
1000647
1000787
1000796
1000798
1000883
1000884
1000010
1000788
1000032
1000056
1000315
1000834
1000882
1000588
1000633
1000182
1000850
1000851
1000081
1000308
1000309
1000310
1000311
1000312
1000313
1000314
1000316
1000317
1000318
1000319
1000320
1000321
1000105
1000345
1000024
1001414
1000141
1002213
1002214
1002215
1000302
1001791
1001415
1002201
1001906
1000392
1001750
1001806
1000100
1000101
1000518
1000197
1000404
1000037
1000390
1001108
1000306
1000562
1000198
1002105
1002106
1000030
1000038
1001687
1000456
1000403
1000405
1001138
1000128
1000129
1000008
1000409
1000131
1000075
1001149
1001222
1002857
1000188
1000055
1000416
1001221
1000394
1001069
1001577
1000986
1002060
1002866
1000028
1000140
1000387
1000200
1000001
1000273
1001841
1001842
1001843
1001844
1001845
1000498
1001204
1001412
1001205
1001210
1001217
1001409
1000422
1000516
1000987
1000997
1000998
1000999
1001000
1001001
1001002
1001003
1001004
1001211
1001218
1001216
1001220
1000146
1001403
1001005
1001006
1001007
1001008
1001209
1000040
1000457
1001010
1001011
1001012
1001402
1001401
1002867
1000994
1000513
1000168
1001483
1000853
1001111
1000860
1000995
1000515
1000007
1000500
1001056
1001061
1000802
1001064
1000583
1000870
1000996
1000511
1000167
1000506
1001057
1000984
1000985
1000988
1001015
1001019
1001484
1000502
1000512
1000520
1000522
1001020
1000508
1001485
1001140
1001141
1001142
1001143
1001144
1001072
1001073
1001076
1001080
1001081
1001082
1001083
1001085
1001087
1000369
1001094
1001095
1001096
1001112
1001118
1001119
1001120
1001122
1001123
1001124
1001132
1000800
1000805
1000806
1000810
1000812
1000813
1000815
1000057
1000153
1000063
1000065
1001070
1002804
1002868
1000461
1000463
1000464
1001405
1001792
1001437
1000697
1001147
1001150
1001438
1001151
1001439
1001168
1001440
1001169
1000848
1001162
1001163
1000097
1000089
1000090
1001193
1000093
1001166
1000096
1000062
1001185
1001188
1001189
1001195
1001200
1001009
1002239
1000885
1000568
1000569
1000570
1000571
1000572
1003426
1003439
1003440
1003425
1000573
1000578
1000149
1000663
1000671
1000585
1000630
1000664
1000669
1000678
1000241
1000579
1000458
1000680
1000031
1000688
1000745
1000189
1000015
1000172
1000749
1000104
1000326
1000014
1000133
1000227
1000246
1000623
1000442
1000638
1000983
1000627
1000445
1000501
1000661
1000666
1000662
1000231
1000301
1000590
1000614
1000615
1000622
1000629
1000649
1000122
1000295
1000668
1000675
1000679
1000684
1000213
1000676
1000744
1002592
1000589
1000628
1000011
1000746
1000054
1000537
1001701
1000505
1002097
1000263
1000435
1000436
1000016
1000397
1000408
1000833
1000344
1000346
1000347
1000348
1000349
1000350
1000352
1000354
1001421
1000261
1001418
1001472
1002806
1002807
1001416
1000393
1001419
1000417
1000981
1000211
1001406
1001230
1000098
1000067
1000023
1000027
1000115
1000119
1000574
1000121
1000524
1001884
1001912
1001913
1000525
1000147
1000148
1000741
1000742
1000743
1000061
1000155
1000156
1000186
1000254
1000257
1000274
1000275
1000277
1000278
1000280
1000070
1000071
1000249
1000626
1000659
1000809
1000123
1000124
1000125
1000979
1001525
1001526
1001527
1001528
1000640
1000646
1001105
1000978
1000541
1000542
1000543
1000544
1000751
1000292
1000039
1000286
1003432
1000384
1000022
1000064
1000386
1000391
1000371
1001831
1001832
1000279
1001995
1001093
1001021
1000020
1000072
1000073
1000077
1000079
1000080
1001410
1000545
1002525
1000780
1000779
1000781
1000867
1000843
1000782
1000087
1000367
1000776
1000561
1000777
1000018
1000528
1000757
1001738
1002155
1001739
1000430
1000478
1001173
1000452
1001460
1000126
1000127
1001462
1001459
1000535
1001466
1002030
1000645
1000439
1000440
1001891
1000446
1000412
1000958
1001407
1001883
1002829
1000789
1002049
1002823
1001470
1002822
1002276
1000355
1000356
1000357
1000358
1000359
1000360
1000361
1000362
1000363
1000364
1000365
1000366
1001441
1001165
1000849
1001634
1001635
1001636
1001637
1001628
1001629
1001652
1001653
1001116
1001117
1001130
1001133
1001128
1000453
1001135
1001121
1001136
1001126
1001127
1001129
1001134
1001137
1000021
1000624
1000586
1000804
1000582
1000068
1000811
1000817
1001170
1000351
1000581
1000838
1000378
1000842
1000839
1001159
1001171
1001091
1000681
1000206
1001420
1000383
1001017
1000494
1000495
1001567
1001461
1000382
1000773
1000774
1000775
1000975
1001601
1001602
1001603
1001604
1000968
1000969
1000204
1001062
1001063
1000006
1001488
1002265
1002282
1002283
1002284
1002285
1002266
1002286
1002287
1002288
1002289
1002290
1002267
1002291
1002292
1002293
1002294
1002295
1002296
1002297
1002595
1000095
1002315
1002316
1002317
1002318
1002319
1000385
1001086
1002320
1002321
1002322
1002323
1002324
1002325
1002326
1002327
1002328
1002329
1002330
1002331
1002332
1002333
1001157
1002334
1002335
1002336
1002337
1002338
1002339
1002340
1002341
1002342
1002343
1002344
1002345
1002346
1002347
1002348
1002349
1002350
1002351
1002352
1002353
1002354
1002355
1002356
1002357
1002358
1002359
1002596
1002597
1002360
1002361
1002362
1002363
1002598
1002364
1002365
1002366
1002367
1002368
1002369
1002370
1002371
1002372
1002373
1002374
1002375
1002376
1002377
1002378
1002379
1002380
1002381
1002382
1002383
1002384
1002386
1002599
1002600
1002387
1002388
1002389
1002390
1002391
1002392
1002393
1002394
1002395
1002601
1002602
1002603
1002604
1002606
1001903
1001895
1000009
1002396
1002397
1002398
1002399
1002400
1002401
1002402
1002403
1002404
1002607
1002608
1002609
1002610
1002405
1002406
1002407
1002408
1002409
1002410
1002411
1002412
1002413
1002414
1002611
1002415
1002416
1002417
1002418
1002419
1002420
1002421
1002422
1002423
1002424
1002425
1002426
1002427
1002428
1002613
1002429
1002430
1002431
1002432
1002614
1002433
1002434
1002435
1002436
1002437
1002438
1002615
1002440
1002441
1002443
1002444
1002445
1002446
1002616
1002447
1002448
1002449
1002450
1002451
1002617
1002452
1002453
1002454
1002455
1002456
1002457
1002458
1002459
1002460
1002461
1000880
1002646
1002647
1002648
1002593
1002649
1003964
1004087
1004333
1003965
1004088
1004346
1003966
1004089
1004347
1003967
1004090
1004348
1003974
1004091
1004349
1003988
1004259
1004350
1003968
1004092
1004351
1003989
1004093
1004352
1003975
1004094
1004366
1003976
1004095
1004367
1003977
1004096
1004368
1003990
1004097
1004369
1003991
1004098
1004370
1003992
1004099
1004371
1004002
1004392
1004372
1004003
1004373
1004004
1004374
1004005
1004375
1004006
1004376
1004007
1004377
1004008
1004393
1004378
1003978
1004276
1004360
1003979
1004277
1004361
1003980
1004278
1004362
1004127
1004128
1004129
1004130
1004131
1004132
1004133
1004134
1004135
1004136
1004137
1004138
1004139
1004140
1004141
1004142
1004143
1004144
1004145
1004146
1004289
1004147
1004148
1004149
1004150
1004151
1004152
1004153
1004154
1004155
1004304
1004156
1004157
1004158
1004159
1004160
1004161
1004162
1004163
1004164
1004165
1004166
1004167
1004168
1004169
1004170
1004171
1004172
1004173
1004174
1004175
1004176
1004177
1004178
1004179
1004180
1004181
1004182
1004183
1004184
1004185
1004186
1004187
1004188
1004189
1004190
1004191
1004192
1004290
1004291
1004292
1004293
1004294
1004295
1004296
1004297
1004298
1004299
1004300
1004301
1004302
1004303
1004305
1004306
1003434
1000425
1000687
1000694
1000989
1000990
1001424
1000992
1000993
1001473
1000262
1001467
1001475
1001476
1001477
1001478
1001469
1001479
1001481
1001482
1001471
1000035
1000157
1000160
1000620
1000164
1000052
1000053
1000294
1000051
1000042
1000043
1000048
1000546
1000166
1000510
1001705
1000507
1000177
1000178
1000529
1000517
1000179
1000180
1000181
1000183
1000185
1000187
1000190
1000191
1000193
1002878
1003423
1000215
1000216
1000218
1000219
1000220
1000237
1000504
1000282
1000235
1001417
1000284
1001018
1000373
1000660
1000116
1000852
1001206
1002879
1000012
1000013
1000019
1000225
1001219
1001389
1000281
1001066
1000265
1000266
1000267
1000268
1000269
1000432
1000240
1000242
1000243
1001574
1000580
1000244
1000245
1000247
1000248
1000137
1000139
1000142
1001231
1000419
1000161
1000866
1000783
1000784
1001397
1000150
1000151
1000152
1001398
1000194
1000195
1001774
1001692
1000163
1000134
1000004
1000207
1000208
1000460
1000210
1000621
1000253
1000255
1000256
1000444
1000258
1000259
1000174
1000176
1000092
1001213
1000058
1000083
1000047
1000272
1000212
1000388
1000276
1000135
1001390
1001215
1000283
1000271
1000287
1002880
1000060
1002627
1000159
1002821
1000162
1002833
1000158
1000285
1000296
1000297
1000117
1002834
1000683
1001224
1000026
1000250
1000251
1000252
1001196
1000223
1000224
1000411
1000229
1001404
1000418
1000069
1000232
1000233
1000107
1000616
1000434
1000110
1000184
1000111
1000113
1000114
1001226
1001227
1000046
1000041
1000106
1000108
1002881
1000112
1000531
1000532
1000540
1000536
1001690
1000534
1000329
1003950
1002869
1002870
1002871
1003431
1002872
1002873
1002874
1002875
1002876
1002877
1003944
1003945
1003946
4294967294
4294967293
4294967292
4294967291
4294967290
1001704
4294967285
4294967284
1001570
4294967236
4294967235
1001722
4294967279
4294967278
1001686
1001768
4294967275
4294967274
1001688
4294967258
4294967257
1001711
4294967250
4294967249
1001715
4294967242
4294967241
1001719
4294967262
4294967261
1001709
4294967240
4294967239
1001720
4294967222
4294967221
1001729
4294967216
4294967215
1001732
4294967264
4294967263
1001708
4294967246
4294967245
1001717
1002855
1001522
1001703
1001733
4294967287
4294967286
4294967238
4294967237
1001721
4294967226
4294967225
1001727
4294967283
4294967282
1001684
4294967281
4294967280
1001685
4294967273
4294967272
1001707
4294967271
4294967270
1001689
1001961
1002824
1002828
4294967252
4294967251
1001714
4294967244
4294967243
1001718
4294967230
4294967229
1001725
4294967224
4294967223
1001728
4294967289
4294967288
1001683
1002200
4294967277
4294967276
4294967260
4294967259
1001710
4294967254
4294967253
1001713
4294967228
4294967227
1001726
4294967218
4294967217
1001731
4294967269
4294967268
4294967248
4294967247
1001716
4294967232
4294967231
4294967220
4294967219
1001730
4294967256
4294967255
1001712
4294967234
4294967233
1001723
1000199
1000298
1000299
1000322
1001958
1001959
1001960
1001153
1001380
1002820
1001381
1001382
1001568
1002083
1002149
1002150
1002151
1002152
1002153
1002154
1002654
1002655
1002656
1002657
1002658
1002659
1002660
1002661
1002662
1002663
1002664
1002665
1002666
1002667
1002668
1002669
1002670
1002671
1002672
1002673
1003036
1003037
1003038
1003039
1003040
1003041
1003042
1003043
1003044
1003045
1003046
1003047
1003048
1003049
1003050
1003051
1003052
1003053
1003054
1003055
1003744
1003745
1003746
1003747
1003748
1003749
1003750
1003751
1003752
1003753
1003754
1003755
1003756
1003757
1003758
1003759
1003760
1003761
1003762
1003763
1003764
1003765
1003766
1003767
1003768
1003769
1003770
1003771
1003772
1003773
1003774
1003775
1003776
1003777
1003778
1003779
1003780
1003781
1003782
1003783
1003784
1003785
1003786
1003787
1003788
1003789
1003790
1003791
1003792
1003793
1002674
1002675
1002676
1002677
1002678
1002679
1002680
1002681
1002682
1002683
1002684
1002685
1002686
1002687
1002688
1002689
1002690
1002691
1002692
1002693
1002694
1002695
1002696
1002697
1002698
1002699
1002700
1002701
1002702
1002703
1003056
1003057
1003058
1003059
1003060
1003061
1003062
1003063
1003064
1003065
1003066
1003067
1003068
1003069
1003070
1003071
1003072
1003073
1003074
1003075
1003794
1003795
1003796
1003797
1003798
1003799
1003800
1003801
1003802
1003803
1003804
1003805
1003806
1003807
1003808
1003809
1003810
1003811
1003812
1003813
1003814
1003815
1003816
1003817
1003818
1003819
1003820
1003821
1003822
1003823
1003824
1003825
1003826
1003827
1003828
1003829
1003830
1003831
1003832
1003833
1003834
1003835
1003836
1003837
1003838
1003839
1003840
1003841
1003842
1003843
1002704
1002705
1002706
1002707
1002708
1002709
1002710
1002711
1002712
1002713
1002714
1002715
1002716
1002717
1002718
1002719
1002720
1002721
1002722
1002723
1002724
1002725
1002726
1002727
1002728
1002729
1002730
1002731
1002732
1002733
1003076
1003077
1003078
1003079
1003080
1003081
1003082
1003083
1003084
1003085
1003086
1003087
1003088
1003089
1003090
1003091
1003092
1003093
1003094
1003095
1003844
1003845
1003846
1003847
1003848
1003849
1003850
1003851
1003852
1003853
1003854
1003855
1003856
1003857
1003858
1003859
1003860
1003861
1003862
1003863
1003864
1003865
1003866
1003867
1003868
1003869
1003870
1003871
1003872
1003873
1003874
1003875
1003876
1003877
1003878
1003879
1003880
1003881
1003882
1003883
1003884
1003885
1003886
1003887
1003888
1003889
1003890
1003891
1003892
1003893
1002734
1002735
1002736
1002737
1002738
1002739
1002740
1002741
1002742
1002743
1002744
1002745
1002746
1002747
1002748
1002749
1002750
1002751
1002752
1002753
1002754
1002755
1002756
1002757
1002758
1002759
1002760
1002761
1002762
1002763
1003096
1003097
1003098
1003099
1003100
1003101
1003102
1003103
1003104
1003105
1003106
1003107
1003108
1003109
1003110
1003111
1003112
1003113
1003114
1003115
1003894
1003895
1003896
1003897
1003898
1003899
1003900
1003901
1003902
1003903
1003904
1003905
1003906
1003907
1003908
1003909
1003910
1003911
1003912
1003913
1003914
1003915
1003916
1003917
1003918
1003919
1003920
1003921
1003922
1003923
1003924
1003925
1003926
1003927
1003928
1003929
1003930
1003931
1003932
1003933
1003934
1003935
1003936
1003937
1003938
1003939
1003940
1003941
1003942
1003943
1002764
1002765
1002766
1002767
1002768
1002769
1002770
1002771
1002772
1002773
1002774
1002775
1002776
1002777
1002778
1002779
1002780
1002781
1002782
1002783
1002784
1002785
1002786
1002787
1002788
1002789
1002790
1002791
1002792
1002793
1003116
1003117
1003118
1003119
1003120
1003121
1003122
1003123
1003124
1003125
1003126
1003127
1003128
1003129
1003130
1003131
1003132
1003133
1003134
1003135
1003494
1003495
1003496
1003497
1003498
1003499
1003500
1003501
1003502
1003503
1003504
1003505
1003506
1003507
1003508
1003509
1003510
1003511
1003512
1003513
1003514
1003515
1003516
1003517
1003518
1003519
1003520
1003521
1003522
1003523
1003524
1003525
1003526
1003527
1003528
1003529
1003530
1003531
1003532
1003533
1003534
1003535
1003536
1003537
1003538
1003539
1003540
1003541
1003542
1003543
1003136
1003137
1003138
1003139
1003140
1003141
1003142
1003143
1003144
1003145
1003146
1003147
1003148
1003149
1003150
1003151
1003152
1003153
1003154
1003155
1003156
1003157
1003158
1003159
1003160
1003161
1003162
1003163
1003164
1003165
1003166
1003167
1003168
1003169
1003170
1003171
1003172
1003173
1003174
1003175
1003176
1003177
1003178
1003179
1003180
1003181
1003182
1003183
1003184
1003185
1003186
1003187
4294967060
4294967059
4294967058
4294967057
4294967056
4294967055
4294967054
4294967053
4294967052
4294967051
4294967050
4294967049
4294967048
4294967047
4294967046
4294967045
4294967044
4294967043
4294967042
4294967041
1003242
1003243
1003244
1003245
1003246
1003247
1003248
1003249
1003250
1003251
1003252
1003253
1003254
1003255
1003256
1003257
1003258
1003259
1003260
1003261
1003262
1003263
1003264
1003265
1003266
1003267
1003268
1003269
1003270
1003271
1003272
1003273
1003274
1003275
1003276
1003277
1003278
1003279
1003280
1003281
4294967040
4294967039
4294967038
4294967037
4294967036
4294967035
4294967034
4294967033
4294967032
4294967031
4294967030
4294967029
4294967028
4294967027
4294967026
4294967025
4294967024
4294967023
4294967022
4294967021
4294967020
4294967019
4294967018
4294967017
4294967016
4294967015
4294967014
4294967013
4294967012
4294967011
4294967010
4294967009
4294967008
4294967007
4294967006
4294967005
4294967004
4294967003
4294967002
4294967001
4294967000
4294966999
4294966998
4294966997
4294966996
4294966995
4294966994
4294966993
4294966992
4294966991
4294966990
4294966989
4294966988
4294966987
4294966986
4294966985
4294966984
4294966983
4294966982
4294966981
4294966980
4294966979
1002107
1002108
1002109
1002110
1002111
1002112
1002113
1002114
1002115
1002116
1002117
1002118
4294966978
1000551
4294966972
1001992
4294966977
1000567
4294966973
1001991
4294966971
4294966970
4294966969
4294966968
4294966967
4294966966
4294966965
4294966964
4294966963
4294966962
4294966961
4294966960
4294966959
4294966958
4294966957
4294966956
4294966953
4294966952
4294966951
4294966950
1000816
4294966949
4294966948
4294966947
4294966946
1002794
4294966945
4294966944
1002856
4294966943
4294966942
1000814
4294966941
4294966940
1000399
4294966939
4294966938
4294966937
4294966936
4294966935
4294966934
4294966933
4294966932
4294966931
4294966930
4294966929
4294966928
4294966927
4294966926
1001503
1001504
1001505
1001506
1001507
1001508
1001509
1002198
1001511
1001512
1001513
1001514
1001515
1001516
1001517
1001518
1001519
1001520
1001521
1002244
1001523
1001524
4294966764
4294966763
4294966762
4294966761
4294966760
4294966759
4294966758
4294966757
4294966756
4294966755
4294966754
4294966753
4294966752
4294966751
1003960
1003961
1004036
1004037
1004411
1004412
1004413
1004414
1004415
1004473
1004468
1004469
1004470
1004471
4294966925
4294966924
1003282
4294966923
4294966922
1003283
4294966921
4294966920
1003284
4294966919
4294966918
1003285
4294966917
4294966916
1003286
4294966915
4294966914
1003287
4294966913
4294966912
1003288
4294966911
4294966910
1003289
4294966909
4294966908
1003290
4294966907
4294966906
1003291
4294966905
4294966904
1003292
4294966903
4294966902
1003293
4294966901
4294966900
1003294
4294966899
4294966898
1003295
4294966897
4294966896
1003296
4294966895
4294966894
1003297
4294966893
4294966892
1003298
4294966891
4294966890
1003299
4294966889
4294966888
1003300
4294966887
4294966886
1003301
4294966885
4294966884
1003302
4294966883
4294966882
1003303
4294966881
4294966880
1003304
4294966879
4294966878
1003305
4294966877
4294966876
1003306
4294966875
4294966874
1003307
4294966873
4294966872
1003308
4294966871
4294966870
1003309
4294966869
4294966868
1003310
4294966867
4294966866
1003311
4294966865
4294966864
4294966863
4294966862
4294966861
1000527
1003312
4294966860
4294966859
1003313
4294966858
4294966857
1003314
4294966856
4294966855
1003315
4294966854
4294966853
1003316
4294966852
4294966851
1003317
4294966850
4294966849
1003318
4294966848
4294966847
1003319
4294966846
4294966845
1003320
4294966844
4294966843
1003321
4294966842
4294966841
1003322
4294966840
4294966839
1003323
4294966838
4294966837
1003324
4294966836
4294966835
4294966834
4294966833
1003325
4294966832
4294966831
1003326
4294966830
4294966829
1003327
4294966828
4294966827
1003328
4294966826
4294966825
1003329
4294966824
4294966823
1003330
4294966822
4294966821
1003331
4294966820
4294966819
1003332
4294966818
4294966817
1003333
4294966816
4294966815
1003334
4294966814
4294966813
1003335
4294966812
4294966811
1003336
4294966810
4294966809
1003337
4294966808
4294966807
1003338
4294966806
4294966805
1003339
4294966804
4294966803
1003340
4294966802
4294966801
1003341
4294966800
4294966799
4294966798
4294966797
4294966796
1003342
4294966795
4294966794
1003343
4294966793
4294966792
1003344
4294966791
4294966790
4294966789
4294966788
1003345
4294966787
4294966786
1003346
4294966785
4294966784
1003347
4294966783
4294966782
1003348
4294966781
4294966780
1003349
4294966779
4294966778
1003350
4294966777
4294966776
1003351
4294966775
4294966774
4294966773
4294966772
4294966771
1002818
1003352
4294966770
4294966769
1003353
4294966768
4294966767
1003354
4294966766
4294966765
1003355
4294966750
4294966749
1003356
4294966748
4294966747
1003357
4294966746
4294966745
1003358
4294966744
4294966743
1003359
4294966742
4294966741
1003360
4294966740
4294966739
1003361
4294966738
4294966737
1003362
4294966736
4294966735
1003363
4294966734
4294966733
1003364
4294966732
4294966731
1003365
4294966730
4294966729
1003366
4294966728
4294966727
1003367
4294966726
4294966725
1003368
4294966724
4294966723
1003369
4294966722
4294966721
4294966720
1003370
4294966719
4294966718
1003371
4294966717
4294966716
1003372
4294966715
4294966714
1003373
4294966713
4294966712
1003374
4294966709
4294966708
1003375
4294966705
4294966704
1003376
4294966703
4294966702
1003377
4294966701
4294966700
1003378
4294966699
4294966698
1003379
4294966697
4294966696
1003380
4294966695
4294966694
1003381
4294966693
4294966692
4294966691
4294966690
1003382
4294966689
4294966688
1003383
4294966687
4294966686
1003384
4294966685
4294966684
4294966683
4294966682
4294966681
1003385
4294966680
4294966679
4294966678
4294966677
4294966676
4294966675
1003386
4294966674
4294966673
4294966672
4294966671
1003387
4294966670
4294966669
1003388
4294966668
4294966667
1003389
4294966666
4294966665
1003390
4294966664
4294966663
4294966662
4294966661
1003391
4294966660
4294966659
4294966658
4294966657
4294966656
1003392
4294966655
4294966654
4294966653
1003393
4294966652
4294966651
4294966650
1003394
4294966649
4294966648
1003395
4294966647
4294966646
4294966645
4294966644
1003396
4294966643
4294966642
1003397
4294966641
4294966640
1003398
4294966639
4294966638
1003399
4294966637
4294966636
4294966635
4294966634
4294966633
4294966632
4294966631
4294966630
1003400
4294966629
4294966628
1003401
4294966627
4294966626
4294966625
4294966624
4294966623
1003402
4294966622
4294966621
1003403
4294966620
4294966619
1003404
4294966618
4294966617
1003405
4294966616
4294966615
1003406
4294966614
4294966613
1003407
4294966612
4294966611
4294966610
4294966609
1003408
4294966608
4294966607
1003409
4294966606
4294966605
1003410
4294966604
4294966603
1003411
4294966602
4294966601
1001833
1001873
1003412
4294966600
4294966599
1003413
4294966598
4294966597
1003414
4294966596
4294966595
1003415
4294966594
4294966593
1003416
4294966592
4294966591
1003417
4294966590
4294966589
1003418
4294966588
4294966587
4294966586
4294966585
4294966584
1003419
4294966583
4294966582
1003420
4294966581
4294966580
1003421
4294966579
4294966578
1003422
4294966577
4294966576
1002805
1002165
1002166
1002811
1003195
1003196
1003197
1003198
1003199
1003200
1003201
1003202
1003203
1002170
1002171
1002844
1002173
1002174
1002845
4294966571
4294966570
1002846
1002177
1002178
1002847
1002180
1002181
1002848
1002183
1002184
1002849
4294966569
4294966568
1002850
1002168
1002812
4294966567
4294966566
4294966565
4294966564
1002851
1002187
1002188
1002263
1002264
1002852
4294966504
4294966503
4294966502
1001594
1002193
1002194
1002195
4294964447
4294964446
4294964445
4294964444
4294964443
4294964442
4294964441
4294964440
1001800
4294966500
4294966499
4294966498
4294966497
4294966496
4294966495
1001942
4294966493
4294966492
4294966295
4294966294
1002098
1002099
1002100
1001877
1001878
1001879
1001899
4294966491
4294966490
1001931
4294966489
4294966488
4294966487
1000808
1000819
1000822
1000823
1000824
1000825
1001988
4294966479
4294966478
4294966477
4294966476
4294966475
4294966474
1001622
1002066
1002067
1001625
1001626
1001627
4294966470
4294966469
4294966472
4294966471
4294966468
4294966466
4294966465
4294966464
1001743
1002056
1002057
4294966462
4294966461
1002189
1002190
1002191
4294966458
4294966457
4294966456
4294966455
1002026
1001617
1001621
1002027
1002028
1002029
4294966453
4294966452
4294966450
4294966449
4294966448
4294966447
4294966446
4294966445
4294966444
4294966443
4294966442
4294966441
4294966440
4294966439
4294966438
4294966437
4294966436
4294966435
4294966434
4294966433
4294966432
4294966431
4294966430
4294966429
4294966428
4294966427
4294966426
4294966425
4294966424
4294966423
4294966422
4294966421
4294966420
4294966419
4294966417
4294966416
4294966415
4294966414
1002050
1002051
4294966410
4294966369
4294966368
1000878
1001543
1001544
1001962
1001963
1001545
1001546
1001547
1001548
1001549
1001550
1002022
1002023
1002854
4294966409
1001551
1001552
4294966408
4294966407
1001553
4294966406
1001648
1001649
1001650
1001651
1001670
1001680
1001681
1001675
4294966404
4294966403
4294966402
4294966401
4294966400
4294966399
4294966398
4294966364
4294966363
1001773
4294966362
4294966361
4294966360
4294966359
4294966358
1001819
4294966357
4294966356
4294966353
4294966352
4294966351
4294966350
4294966349
4294966348
1000025
1002251
4294966340
4294966339
4294966338
4294966337
4294966336
1000635
4294966333
4294966332
4294966331
1002270
1002271
1002272
4294966328
4294966327
4294966326
4294966323
4294966322
4294966318
4294966317
4294966316
4294966315
4294966314
4294966313
4294966312
4294966311
1000856
4294966309
4294966308
1001762
4294966307
4294966306
1001781
4294966305
4294966304
4294966303
1002256
1002257
1002258
4294966281
4294966296
4294966279
1001737
4294966397
4294966396
4294966395
4294966394
4294966393
4294966392
4294966391
4294966390
4294966389
1001031
1001042
4294966388
4294966387
1000861
1000862
4294966386
4294966385
4294966384
1002182
1002185
1002186
4294966383
4294966382
1001793
4294966380
4294966379
4294966378
4294966377
4294966376
1000877
4294966375
4294966374
4294966373
1000459
1000521
1000584
1000592
4294966372
4294966371
4294966370
4294966367
4294966366
4294966365
4294966269
4294966268
4294966297
4294966300
4294966299
4294966298
4294966285
4294966284
4294966278
4294966277
4294966276
4294966275
4294966274
4294966273
4294966272
4294966271
4294966270
4294966267
4294966266
4294966265
4294966264
4294966263
4294966262
4294966261
4294966260
4294966259
4294966258
4294966257
4294966256
4294966255
4294966254
4294966253
4294966252
4294966251
4294966250
4294966249
4294966248
1002134
1002135
1002136
1002137
1002138
1002139
1002140
4294966242
4294966241
1002141
1002142
1002143
1002144
1002145
1002146
1002147
1002148
4294966243
4294966232
4294966231
4294964613
4294966225
4294966224
4294966223
4294966222
4294966221
4294966220
4294966219
4294966218
4294966217
4294966216
4294966215
4294966214
4294966213
4294966212
4294966211
4294966210
4294966209
4294966208
4294966207
4294966206
4294966205
4294966204
4294966203
4294966202
4294966201
4294966200
4294966199
4294966198
4294966197
4294966196
4294966195
4294966194
4294966193
4294966192
1000703
4294966191
4294966190
4294966189
4294966188
1002205
4294966186
1001630
1001631
1001676
1001677
4294966185
4294966184
4294966183
4294966182
4294966181
4294966180
4294966179
4294966178
4294966177
4294966176
4294966175
4294966174
4294966173
4294966172
4294966171
4294966170
4294966169
4294966168
4294966167
4294966166
4294966165
4294966164
4294966163
4294966162
4294966161
4294966160
1002225
1002226
1002227
1002228
4294966157
4294966156
4294966153
4294966152
4294966151
1002167
1002169
4294966148
4294966147
4294966146
1002175
1002176
1002179
4294966143
4294966142
4294966138
4294966137
4294966136
4294966135
4294966134
4294966133
1000132
1000171
1000236
1000332
4294966130
4294966129
4294966128
4294966127
4294966126
1001751
4294966125
4294966124
4294966123
4294966122
4294966121
1001752
4294966118
4294966117
1001754
4294966116
4294966115
4294966112
4294966111
1001755
1001682
1001734
4294966108
4294966107
4294966106
4294966105
4294966104
4294966103
1002240
1002241
4294966096
4294966095
4294966094
4294966093
4294966092
1001759
4294966091
4294966090
4294966089
4294966088
4294966087
4294966086
4294966085
4294966084
4294966083
4294966082
4294966081
4294966080
4294966079
4294966078
4294966077
4294966076
4294966075
4294966074
1001820
4294966073
4294966072
4294966071
4294966070
4294966069
4294966068
4294966062
4294966061
4294966060
4294966059
4294966057
4294966056
4294966055
4294966054
4294966053
4294966052
4294966051
4294966050
4294966049
4294966048
4294966047
4294966046
4294966045
4294966044
4294966043
4294966042
4294966041
4294966040
4294966037
4294966036
1002643
1002644
4294966027
4294966026
4294966025
4294966024
4294966023
4294966022
4294966021
4294966020
4294966100
4294966099
1001769
1001559
1001560
1001561
1001562
1001563
1001564
1001565
1001566
4294966019
1000017
1001555
4294966018
4294966017
1001571
1001661
1001662
1001663
1001664
1001665
1001666
1001667
1001668
4294966098
4294966097
1001756
1001583
1001584
1001585
1001586
1001587
1001588
1001589
1001590
4294966016
1001591
1001592
4294966015
4294966014
1001593
4294966013
4294966011
4294966010
4294966009
4294966008
1002058
1002059
4294966007
4294966006
4294966005
4294966004
1002045
1002046
1002047
1002013
1002014
1002015
1002016
4294966003
4294966002
1002017
1002018
1001874
1001881
4294965995
4294965994
4294965993
1001619
1001623
1001624
4294965991
4294965990
4294965989
4294965988
4294965987
4294965986
4294965985
4294965984
4294965983
4294965982
4294965981
4294965980
4294965979
4294965978
4294965977
4294965976
4294965975
4294965974
4294965973
4294965972
4294965971
4294965970
1001933
1001970
1001971
1001972
4294965966
4294965965
4294965964
4294965963
4294965962
1000203
4294965961
4294965960
4294965959
1001643
4294965958
4294965957
4294965956
1001657
4294965955
1001025
4294965953
4294965952
4294965951
4294965950
4294965949
4294965948
4294965947
1002277
1002278
4294965946
4294965942
4294965941
4294965940
4294965939
4294965938
4294965937
4294965936
4294965935
4294965934
4294965933
4294965932
4294965931
4294965930
4294965929
4294965928
4294965927
4294965926
4294965925
4294965924
4294965923
4294965922
4294965921
4294965920
4294965919
4294965914
4294965913
4294965912
4294965911
4294965918
4294965917
4294965916
4294965915
4294965910
4294965909
4294965908
4294965905
4294965904
1001776
4294965900
4294965899
1001799
4294965898
4294965897
4294965896
4294965892
4294965891
4294965890
4294965889
4294965886
4294965885
4294965884
1001458
4294965881
4294965880
4294965879
4294965876
4294965875
1001770
4294965874
4294965873
1001777
4294965872
4294965871
4294965870
1000598
1000644
4294965867
4294965866
1001778
4294965865
4294965864
4294965863
1002253
1002254
1002255
4294965860
4294965859
4294965858
1002237
1002238
4294965855
4294965854
4294965850
4294965849
1001771
4294965848
4294965847
4294965846
4294965845
4294965844
4294965843
4294965842
4294965841
4294965840
4294965839
4294965838
4294965837
4294965836
4294965835
4294965834
4294965833
4294965832
4294965831
4294965830
4294965829
4294965828
4294965827
4294965826
1001779
4294965825
4294965824
4294965823
4294965822
4294965821
1001780
4294965820
4294965819
4294965818
4294965817
1001782
1001783
4294965816
4294965815
1001821
4294965814
4294965813
1001784
4294965812
4294965811
4294965810
4294965809
4294965808
4294965807
4294965806
4294965805
1001785
4294965804
4294965803
4294965802
4294965801
1001786
4294965800
4294965799
4294965798
4294965797
1001413
4294965796
4294965795
1001822
4294965794
4294965793
4294965792
4294965791
4294965790
4294965789
4294965788
4294965787
4294965786
4294965785
4294965784
4294965783
4294965782
4294965781
4294965780
4294965779
4294965778
4294965777
4294965776
4294965775
4294965774
4294965773
1001801
4294965772
4294965771
1001802
4294965770
4294965769
1001803
4294965768
4294965767
4294965766
1002273
1002274
4294965765
4294965764
4294965763
1000709
1000724
4294965760
4294965944
4294965943
1000526
1000548
4294965759
4294965758
4294965757
4294965756
4294965755
4294965753
4294965752
4294965751
4294965750
4294965749
4294965748
4294965747
4294965746
4294965745
4294965744
4294965743
4294965742
4294965741
4294965740
4294965739
4294965738
4294965737
4294965736
4294965735
4294965734
4294965733
4294965732
4294965731
4294965730
4294965729
4294965728
4294965727
4294965726
4294965725
4294965724
4294965723
4294965722
4294965721
4294965720
4294965719
4294965718
4294965717
4294965716
4294965715
4294965712
4294965711
4294965710
4294965709
4294965708
4294965707
4294965706
4294965705
4294965700
4294965699
4294965698
1002216
1002217
1002218
1002219
4294965697
4294965696
4294965695
4294965694
4294965693
4294965692
4294965691
1001794
4294966039
4294966038
1002202
1001907
1001908
1001909
1001910
1001955
1001956
1001957
4294965681
1002605
1001807
1002172
4294965637
4294965636
4294965635
1001160
4294965633
4294965634
1002003
1002004
1002005
4294965629
1000509
4294965628
4294965627
4294965624
4294965623
4294965622
4294965621
1001748
1001749
4294965620
4294965619
4294965618
4294965617
1002119
1002120
1002121
1002122
1002123
1002124
4294965611
4294965610
4294965608
4294965607
4294965606
4294965605
1001996
1002808
4294965603
4294965602
4294965601
4294965600
4294965598
4294965597
4294965596
1001572
1001139
4294965591
4294965590
4294965589
4294965588
4294965586
4294965585
4294965584
1001847
1001948
4294965581
4294965580
4294965579
4294965578
4294964893
4294964892
4294964891
1000538
1001949
1001950
1001951
1001952
1002858
4294965575
4294965574
4294965573
4294965572
4294965570
4294965569
1001968
1002025
1002052
1002442
4294965564
1001943
1001944
4294965558
4294965557
1001902
4294965552
4294965551
4294965550
1001846
1001945
1002385
4294965549
4294965548
1003191
1002061
1002062
1002063
1002064
1002065
4294965545
4294965544
4294965543
1000869
4294965542
4294965541
4294965540
4294965539
1002883
4294965537
4294965536
4294965535
1001693
4294965051
1001848
1001849
1001850
1001851
1001853
1001854
1001855
1001856
1001858
1001859
1001860
1001861
1001864
1001865
1001866
1001867
1001869
1001870
1001871
1001872
4294965045
4294965044
4294965534
4294965533
1001411
1001834
1001835
1001830
1002196
1000682
1001161
1001882
1001013
1001014
1001724
1001890
1001892
1001893
1001920
1001923
1001925
1001926
1001927
1001932
4294965521
1002859
1002860
1002861
1001836
1001837
1002092
4294965517
1002093
1002094
4294965514
1001880
1001934
1001935
1001989
1001990
1002001
1002002
1002042
1002043
4294965505
4294965504
4294965503
4294965502
4294965501
4294965500
4294965499
4294965498
1002084
1002085
1002086
1002087
1002088
1002089
1002090
1002091
4294965488
1002095
1002096
4294965485
4294965484
4294965483
4294965482
4294965481
4294965480
4294965479
4294965386
4294965385
4294965384
4294965478
4294965477
4294965476
4294965475
4294965474
4294965473
4294965472
4294965461
1000991
1001839
4294965360
4294965359
4294965358
4294965357
4294965458
1001911
1001936
4294965355
4294965354
4294965353
4294965352
4294965351
1002801
4294965471
4294965470
4294965469
4294965468
4294965467
4294965466
4294965465
4294965464
4294965457
4294965456
4294965455
4294965454
4294965453
4294965452
4294965451
4294965450
4294965449
4294965448
4294965447
4294965446
4294965445
4294965444
4294965443
4294965442
4294965441
1000289
4294965440
4294965439
4294965438
4294965437
4294965436
1000576
4294965435
4294965434
4294965433
4294965432
4294965431
1002207
4294965430
4294965429
4294965428
4294965427
4294965426
1002208
4294965425
4294965424
4294965423
4294965422
4294965421
1002842
4294965420
4294965419
4294965418
4294965417
4294965416
1001804
4294965415
4294965414
4294965413
4294965412
4294965411
1001805
4294965410
4294965409
4294965408
4294965407
4294965406
4294965405
4294965404
4294965403
4294965402
4294965401
4294965400
4294965399
4294965398
4294965397
4294965396
4294965395
4294965394
4294965393
4294965392
4294965391
4294965390
4294965389
1000270
4294965388
4294965387
1001148
4294965383
4294965382
1002245
4294965381
4294965380
1001808
4294965379
4294965378
1001809
4294965377
4294965376
1001810
4294965375
4294965374
1001811
4294965373
4294965372
4294965371
4294965370
4294965369
1001823
4294965365
4294965364
4294965363
4294965362
4294965361
1001812
4294965350
4294965349
1001813
4294965348
4294965347
1001814
4294965346
4294965345
1001815
4294965344
4294965343
1001758
4294965342
4294965341
1001816
4294965340
4294965339
1001824
4294965338
4294965337
4294965336
4294965335
4294965334
4294965333
4294965332
1000881
1001940
4294965330
4294965329
4294965328
4294965327
4294965325
4294965324
1000539
1003189
1002809
1002810
4294965323
4294965322
4294965321
4294965320
4294965319
4294965316
4294965315
1001795
1001796
1001900
1001797
1000735
4294965310
4294965309
4294965308
4294965307
4294965306
4294965305
4294965304
4294965303
4294965302
4294965301
4294965300
4294965299
4294965298
4294965297
4294965296
4294965295
4294965294
4294965293
4294965292
4294965291
4294965289
4294965288
4294965287
4294965286
4294965285
4294965284
4294965283
4294965282
1002795
1002796
1002797
4294965277
4294965276
4294965275
4294965274
4294965281
4294965280
4294965279
4294965278
4294965273
4294965272
4294965271
4294965270
4294965269
4294965268
4294965267
4294965266
4294965265
4294965264
4294965263
4294965262
4294965261
4294965260
4294965259
1003429
1003430
1003441
1003442
1003443
1003444
1003445
1003446
1003427
1003428
4294965258
4294965257
4294965256
4294965240
4294965239
4294965238
1002246
4294965220
4294965219
1001901
1002125
1002247
4294965225
4294965224
4294965223
4294965249
4294965248
4294965245
4294965244
4294965243
4294965215
4294965214
4294965213
4294965205
4294965204
4294965203
1002209
1002210
1002211
1002212
4294965200
4294965199
4294965166
4294965165
4294965164
1002259
4294965252
4294965251
4294965250
4294965235
4294965234
4294965233
4294965185
4294965184
4294965183
4294965180
4294965179
4294965175
4294965174
4294965152
4294965151
4294965115
4294965114
4294965113
4294965147
4294965146
4294965145
4294964614
4294965066
4294965065
4294965064
4294965063
4294965062
4294965061
4294965060
4294965059
4294965058
4294965067
4294965127
4294965126
4294965125
4294965120
4294965119
4294965118
4294965100
4294965099
4294965098
4294965097
4294965096
4294965095
4294965083
4294965082
1001775
4294965075
4294965074
4294965073
4294965070
4294965069
4294965068
4294965129
4294965128
4294965078
4294965077
4294965076
4294965144
4294965143
4294965142
4294965141
4294965140
1001772
4294965139
4294965138
4294965137
4294965122
4294965121
4294965117
4294965116
4294965112
4294965111
4294965110
4294965109
4294965108
4294965107
1002262
4294965106
4294965105
1001753
4294965102
4294965101
1001766
4294965089
4294965088
4294965087
4294965072
4294965071
4294965081
4294965080
4294965079
4294965210
4294965209
4294965230
4294965229
1002248
4294965195
4294965194
4294965193
1002229
1002230
1002231
1002232
4294965190
4294965189
4294965188
1001383
1002260
1002261
4294965171
4294965170
4294965169
4294965161
4294965160
1001763
4294965157
4294965156
4294965155
1002233
1002234
1002235
1002236
4294965094
4294965093
4294965092
4294965091
4294965090
4294965086
4294965085
4294965084
4294965136
4294965135
1001764
1001595
1001596
1001597
1001225
1000307
1001598
1001599
1001600
1001464
1001700
1001702
1002223
1002224
1002832
4294965057
4294965056
4294965055
4294965054
1002101
1002102
4294965043
4294965042
4294965041
4294965040
4294965039
4294965038
4294965037
4294965036
4294965035
4294965034
4294965033
4294965032
4294965031
4294965030
4294965029
4294965028
4294965027
4294965026
4294965025
4294965024
4294965023
4294965022
4294965021
4294965020
4294965019
4294965018
4294965017
4294965016
4294965015
4294965014
4294965013
4294965012
4294965011
4294965010
4294965009
4294965008
4294965007
4294965006
4294965005
4294965004
4294965003
4294965002
4294965001
4294965000
4294964999
4294964998
4294964997
4294964996
4294964995
4294964994
4294964993
4294964992
4294964988
4294964987
1001964
1001965
1001966
1001967
1002813
1002814
1002815
1002816
4294964985
1001746
1000674
4294964989
1001744
4294964984
1001747
1002650
1001058
4294965561
4294965560
4294965559
4294965312
1000109
1001938
1001939
4294964615
1001199
4294964973
4294964972
4294964971
4294964970
4294964969
4294964967
4294964966
4294964965
1001798
4294964964
4294964963
4294964962
4294964961
4294964960
4294964959
4294964958
4294964957
1001207
4294964956
4294964955
4294964954
4294964953
4294964952
4294964951
1001885
1001886
1001887
1001888
1001889
1001914
1001915
1001916
1001917
1001918
1001919
4294964943
4294964942
1001905
4294964941
4294964940
4294964939
4294964938
4294964937
4294964936
4294964935
4294964934
4294964933
4294964931
4294964930
4294964929
4294964928
4294964927
1002882
4294964926
1002157
4294964924
4294964923
4294964922
4294964921
4294964920
4294964919
4294964918
4294964917
4294964916
4294964915
4294964914
4294964913
4294964912
4294964911
4294964910
4294964909
4294964908
4294964907
4294964906
4294964905
4294964904
4294964903
4294964902
4294964901
4294964900
4294964899
4294965131
4294965130
1001765
1001529
1001530
1001531
1001532
1001533
1001534
1001535
1001536
4294964898
1001537
1001538
4294964897
4294964896
1001541
4294964895
4294965134
4294965133
4294965132
4294964890
4294964889
4294964888
4294964887
4294964886
4294964885
4294964884
4294964883
4294964882
4294964881
4294964880
4294964879
4294964878
4294964877
1000447
4294964876
4294964875
1002031
1002032
1002033
1001937
1003433
4294964871
4294964870
4294964869
4294964868
1001152
4294964867
4294964866
4294964865
4294964863
4294964862
4294964861
4294964860
4294964859
4294964858
1002573
1002634
1002825
1002853
4294964851
4294964850
4294964849
1001875
1001997
1001998
1001999
1002000
1001953
1001954
1000175
1002010
1002011
1002012
1002019
1002020
1002021
1001092
4294964847
4294964846
4294964845
4294964844
4294964843
4294964842
4294964841
4294964840
1001904
4294964839
4294964837
4294964836
4294964835
4294964834
4294964831
4294964830
1001826
1001827
1002034
1002800
4294964981
4294964980
4294964983
4294964982
4294964979
4294964978
4294964632
4294964631
4294964975
4294964974
4294964977
4294964976
4294966035
4294966034
4294966033
4294966032
4294966029
4294966028
4294966031
4294966030
4294965704
4294965703
4294966227
4294966226
1001740
1001741
1001742
1002070
1002071
1002072
1002073
1002074
1002075
1002076
1002077
1002078
1002156
1002079
1002080
1002081
1002082
4294964821
4294964820
1000353
4294964818
4294964817
4294964816
4294964815
4294964814
4294964813
4294964812
4294964810
4294964809
4294964808
4294964807
4294964806
4294964805
4294964804
4294964803
4294964802
4294964801
1000549
4294964797
4294964796
4294964795
1003190
1002038
4294964793
4294964792
4294964791
4294964790
4294964789
4294964788
4294964787
4294964786
1001921
1001922
1001924
1002039
1002040
1002041
4294964783
1000413
1000414
1000415
4294964779
4294964827
1001828
1001829
1002035
1002036
1002037
1002830
4294964833
1001088
1001825
1002053
1002827
4294965714
4294965713
1002826
1002279
1002280
1002281
4294964769
4294964768
4294964767
4294964766
4294964765
4294964764
4294964763
4294964762
4294964761
4294964760
4294964759
4294964758
4294964757
4294964756
4294964755
4294964754
4294964753
4294964752
4294964751
4294964750
4294964749
4294964748
4294964747
4294964746
4294964745
4294964744
4294964743
4294964742
4294964741
4294964740
4294964739
4294964738
4294964737
4294964736
4294964735
4294964734
4294964733
1001639
1001640
1001641
1001642
1001632
1001633
1001655
1001656
4294964732
4294964731
4294964730
4294964729
4294964728
4294964727
4294964726
4294964725
4294964724
4294964723
4294964722
4294964721
4294964720
4294964719
4294964718
4294964717
4294964716
4294964715
1001787
4294964714
4294964713
4294964712
1002220
1002221
1002222
4294964709
4294964708
4294964707
4294964706
4294964705
4294964703
4294964702
1001767
4294964701
4294964700
1000803
1000818
1000827
1000854
4294964698
4294964697
4294964695
4294964694
1001760
4294964693
4294964692
4294964691
4294964690
4294964689
4294964688
4294964687
4294964686
4294964685
4294964684
4294964683
4294964682
4294964681
4294964680
1001788
4294964679
4294964678
1001789
4294964677
4294964676
4294964675
4294964674
4294964673
4294964672
1001212
4294964671
4294964670
4294964669
4294964668
4294964667
4294964666
4294964665
4294964664
1002249
4294964662
4294964661
4294964660
4294964659
4294964658
1002250
4294964656
4294964655
1001790
4294964654
4294964653
4294964652
4294964651
4294964650
4294964649
4294964645
4294964644
4294964643
4294964642
4294964641
4294964640
4294964639
4294964638
4294964637
4294964636
4294964635
4294964634
4294964633
4294964630
1002068
1002069
4294964629
4294964628
1002798
4294964624
4294964623
1002024
4294964622
4294964621
4294964620
4294964619
4294964618
4294964617
4294964616
4294966102
4294966101
1001757
1001605
1001606
1001607
1001608
1001609
1001610
1001611
1001612
4294964611
1001613
1001614
4294964610
4294964609
1001615
4294964608
4294964607
1001852
1001857
1001862
1001863
1001868
4294964605
4294964604
4294964603
1002006
1001510
1002199
1002298
1002299
1002300
1002301
1002268
1002302
1002303
1002304
1002305
1002306
1002269
1002307
1002308
1002309
1002310
1002311
1002312
1002313
1002618
1000665
1002462
1002463
1002464
1002465
1001638
1001654
1002466
1002467
1002468
1002469
1002470
1002471
1002472
1002473
1002474
1002475
1002476
1002477
1001674
1002478
1002479
1002480
1002481
1002482
1002483
1002484
1002485
1002486
1002487
1002488
1002489
1002490
1002491
1002492
1002493
1002494
1002495
1002496
1002497
1002498
1002499
1002500
1002501
1002502
1002619
1002620
1002503
1002504
1002505
1002621
1002506
1002507
1002508
1002509
1002510
1002511
1002512
1002513
1002514
1002515
1002516
1002517
1002518
1002519
1002520
1002521
1002522
1002523
1002524
1002526
1002622
1002527
1002528
1002529
1002530
1002531
1002532
1002533
1002534
1002623
1002624
1002625
1002626
1002628
1002571
1002439
4294964986
1002535
1002536
1002537
1002538
1002539
1002540
1002541
1002542
1002629
1002630
1002631
1002632
1002543
1002544
1002545
1002546
1002547
1002548
1002549
1002550
1002551
1002633
1002552
1002553
1002554
1002555
1002556
1002557
1002558
1002559
1002560
1002561
1002562
1002635
1002563
1002564
1002565
1002566
1002636
1002567
1002568
1002569
1002570
1002637
1002572
1002574
1002575
1002576
1002638
1002577
1002578
1002579
1002580
1002581
1002639
1002582
1002583
1002584
1002585
1002586
1002587
1002588
1002589
1002590
1002591
1002651
1002652
1002594
1002653
1003969
1003998
1004038
1004100
1004101
1004260
1004334
1003970
1003999
1004039
1004102
1004103
1004261
1004353
1003971
1004000
1004040
1004104
1004105
1004262
1004354
1003972
1004001
1004041
1004106
1004107
1004263
1004355
1003981
1004009
1004042
1004108
1004109
1004264
1004356
1003993
1004010
1004043
1004265
1004266
1004267
1004357
1003973
1004011
1004044
1004110
1004111
1004268
1004358
1003994
1004012
1004045
1004112
1004113
1004269
1004359
1003982
1004013
1004046
1004114
1004115
1004270
1004379
1003983
1004014
1004047
1004116
1004117
1004271
1004380
1003984
1004015
1004048
1004118
1004119
1004272
1004381
1003995
1004016
1004049
1004120
1004121
1004273
1004382
1003996
1004017
1004050
1004122
1004123
1004274
1004383
1003997
1004018
1004051
1004124
1004125
1004275
1004384
1004019
1004020
1004052
1004394
1004395
1004396
1004385
1004021
1004022
1004053
1004386
1004023
1004024
1004054
1004387
1004025
1004026
1004055
1004388
1004027
1004028
1004056
1004389
1004029
1004030
1004057
1004390
1004031
1004032
1004058
1004397
1004398
1004399
1004391
1003985
1004033
1004059
1004279
1004280
1004281
1004363
1003986
1004034
1004060
1004282
1004283
1004284
1004364
1003987
1004035
1004061
1004285
1004286
1004287
1004365
1004193
1004194
1004195
1004196
1004197
1004198
1004199
1004200
1004201
1004202
1004203
1004204
1004205
1004206
1004207
1004208
1004209
1004210
1004211
1004212
1004307
1004213
1004214
1004215
1004216
1004217
1004218
1004219
1004220
1004221
1004322
1004222
1004223
1004224
1004225
1004226
1004227
1004228
1004229
1004230
1004231
1004232
1004233
1004234
1004235
1004236
1004237
1004238
1004239
1004240
1004241
1004242
1004243
1004244
1004245
1004246
1004247
1004248
1004249
1004250
1004251
1004252
1004253
1004254
1004255
1004256
1004257
1004258
1004308
1004309
1004310
1004311
1004312
1004313
1004314
1004315
1004316
1004317
1004318
1004319
1004320
1004321
1004323
1004324
1003435
4294964601
4294964600
4294964599
4294964598
4294964597
4294964596
1001973
4294964595
4294964594
1001974
4294964593
4294964592
1001975
4294964591
4294964590
1001976
4294964589
4294964588
4294964587
4294964586
4294964585
4294964584
1001977
4294964583
4294964582
1001978
4294964581
4294964580
1001979
4294964579
4294964578
1001980
4294964577
4294964576
4294964575
4294964574
4294964573
4294964572
1001981
4294964571
4294964570
1001982
4294964569
4294964568
1001983
4294964567
4294964566
1001984
4294964565
4294964564
4294964563
4294964562
4294964561
4294964560
4294964559
1001985
4294964558
4294964557
1001986
4294964556
4294964555
1001987
4294964554
1002126
1002127
1002128
4294964434
4294964433
4294964432
4294964431
4294964430
4294964429
4294964428
4294964427
4294964426
1002831
4294964425
4294964424
1002799
4294964421
4294964420
4294964357
4294964356
4294964355
4294964354
4294964352
4294964351
4294964353
4294964349
4294964348
4294964347
1001761
4294964346
1001554
1001573
1001969
1001928
1001929
1001930
1001946
1001947
1000639
4294964344
4294964343
1001051
1002206
4294964263
4294964262
4294964261
4294964260
1001706
1001736
4294964259
4294964258
4294964257
1001059
1001060
4294964256
4294964255
4294964254
4294964253
4294964252
4294964251
4294964250
4294964249
4294964248
4294964247
4294964246
4294964245
4294964244
4294964243
4294964242
4294964241
4294964240
4294964239
4294964238
4294964237
4294964236
4294964235
4294964234
4294964233
4294964232
4294964231
4294964230
4294964229
4294964228
4294964227
4294964226
4294964225
4294964224
4294964223
4294964222
4294964221
1003424
4294964463
4294964462
4294964461
4294964460
4294964459
4294964458
4294964457
4294964456
4294964455
4294964454
4294964453
4294964452
4294964451
4294964450
4294964449
4294964448
4294964311
4294964310
4294964309
4294964308
4294964307
4294964306
4294964305
4294964303
4294964302
4294964301
4294964300
4294964299
4294964298
4294964297
4294964296
4294964295
4294964294
4294964293
4294964418
4294964417
4294964416
4294964415
4294964414
4294964413
1002817
4294964410
4294964409
4294964408
4294964407
4294964406
4294964405
4294964404
4294964403
4294964402
4294964220
4294964219
4294964218
4294964217
4294964216
4294964215
4294964214
4294964213
1001745
4294964212
4294964211
4294964210
4294964209
4294964208
4294964207
4294964206
4294964439
4294964438
4294964437
4294964436
4294964435
1001575
1001576
4294964512
4294964511
4294964510
1001578
4294964509
4294964508
4294964507
4294964506
4294964505
4294964504
4294964503
4294964502
4294964501
4294964500
4294964499
4294964292
4294964291
4294964290
4294964289
4294964288
4294964287
4294964286
4294964285
4294964281
4294964280
4294964279
4294964278
4294964277
4294964276
4294964275
1001197
1003188
4294964274
4294964273
4294964272
4294964271
4294964282
4294964270
4294964269
4294964268
4294964267
4294964266
4294964265
4294964264
4294964401
4294964400
4294964399
4294964398
4294964397
4294964396
1001817
1001818
1001694
1001695
1001696
1001697
4294964391
4294964390
4294964389
1001699
4294964388
4294964387
4294964385
4294964384
4294964383
4294964382
4294964381
4294964380
4294964379
4294964378
4294964376
4294964375
4294964374
4294964342
4294964341
4294964340
4294964339
4294964338
4294964337
4294964336
4294964335
4294964334
4294964333
4294964332
4294964331
4294964330
4294964518
4294964517
4294964516
4294964515
4294964514
4294964513
4294964553
4294964552
4294964551
4294965670
1000972
4294965669
4294965668
4294965667
4294965666
4294965665
1002612
4294964549
4294964548
4294964547
4294964546
4294964544
1001131
4294964543
1000879
1002640
1000519
1002641
4294964540
4294965647
4294965646
1002645
1003952
1003953
1003954
4294965640
4294965639
4294965638
4294964538
4294964537
1001698
4294964536
4294964535
1002802
1002803
4294964534
1001616
4294964492
4294964491
4294964490
1002835
4294964485
4294964484
1002836
4294964482
4294964481
1002837
1002838
4294964489
4294964488
4294965663
4294965662
4294965661
4294965660
4294965659
4294965658
4294965657
4294965655
4294965654
4294965653
1000421
4294965652
4294965651
1002839
1002840
1002841
4294964478
4294964477
4294964476
4294964475
4294965679
4294965678
4294965677
4294965676
4294965675
4294965672
4294964473
4294964472
4294964471
4294964470
4294964469
4294964468
4294964467
4294964466
1002203
4294964465
4294964464
4294964329
4294964328
4294964327
4294964326
4294964324
4294964323
4294964322
4294964321
4294964320
4294964325
4294964319
4294964318
4294964317
4294964316
4294964315
4294964314
4294964313
4294964312
4294964373
1001838
4294964371
4294964370
4294964369
4294964368
4294964367
4294964366
4294964363
1000636
4294964362
4294964361
4294964360
4294964359
4294964358
4294964533
4294964532
4294964531
4294964530
4294964529
4294964526
4294964525
1002314
4294964523
4294964522
4294964521
4294964520
1001840
4294964498
4294964497
1000840
4294964496
1000845
4294964495
1000858
4294964493
1000863
1001691
1000865
4294964494
1000859
1000971
1000980
1003951
1003947
1003948
1003949
