1225116907
4071736775
2044935396
348239728
1421596789
2041462244
1416558694
3350964954
1421803281
1710254808
2083848912
2298402652
3125798216
720957123
2738265967
4161021444
3184465486
2778998651
3102756820
3978415463
2044365865
1837917868
3516898514
2145138839
2718167970
2597136127
2262512633
3118728814
3171934905
1234789766
1864133009
2047841540
2381979093
3177610515
2807854029
3496866458
891035330
2819706938
3577302860
3402531075
1630836525
1628242343
929946276
57911589
2790260713
2145882310
1909745868
1728890873
1136938419
2744070755
1068160668
4166875500
426489770
3447727192
926858666
481150399
284525500
1773103812
1311921767
1476157155
3616422034
3408793577
1952319787
4287522327
2956940980
1281934236
62590215
3244578477
2965885754
244375726
778319532
2846971864
4063036655
1282140326
867491841
3518969298
4072418979
4146399847
1559960996
4262902857
500052537
492108050
3256813946
3075167292
534186463
4143396777
1276536048
645622382
3617689053
2145455798
281663525
1800400750
306778018
1199952460
1794796350
582061455
1368656478
760417031
1575959580
1420634227
2423968818
1361596154
2938238238
3125498531
3378120149
2205729385
1319827313
1019112441
1984905741
3931013070
455940512
306912041
1655378783
1658912387
717416401
2827735074
3530470538
1484075280
1319867736
3557660803
3139221434
1215637248
225468510
1790324825
2998177169
2327562477
976525594
4130669046
479482300
4216425508
782804294
437379678
3508774039
62514418
2852938791
760509200
4250270636
1357644622
2764258512
2135237585
4222441044
2104624625
242457049
225417249
4157311704
570164161
3706449054
1076425557
480379098
3086290530
371350256
32510344
2184758530
2407457366
3647360307
511598360
3274214524
2000944888
3266735630
264982824
2821033811
4126783868
622763153
3483776399
1574413772
2995858002
490444699
847287436
3836468833
544361855
1092718353
2093625863
3132239490
1151826916
3510101562
4210143268
806441359
4072974910
2841574431
1046296706
2391606117
4247381146
2855041570
1432605947
153904895
2312258510
237560537
3560703115
3283130136
2277551178
2907579160
1011029319
1959740074
2470329207
2285805676
61239627
4147851486
3684012691
229505092
3889829435
1385549148
3562408829
1442095773
3987545985
89846211
3956319005
765527463
3749187726
3995611354
3826507680
3499363560
4154187930
1338794005
3673495973
2882938817
2799699182
1585357544
356667659
871351581
3047137892
2279510701
3513518173
3811020654
2258672192
3715981685
404907088
2122786899
213447181
1861851640
3828963120
512984168
3066692705
2490974507
1837797887
2905431978
2704742456
3926056100
3658333052
949362904
867683167
3997581228
3363034295
4075117525
3175958662
1116007470
2673589055
595294223
3839696572
3550542542
2430761760
2364335659
3780859488
3339260674
4104244374
2073166540
1859814976
448124913
3263136007
2184052205
3325791974
3952919592
1540062458
431725560
2790445061
1414745672
3164408119
1929168
1817661673
980341386
3036793253
2371675930
4052301457
1464051366
915835356
261837847
3716859354
1935028400
2858781186
2860046827
4021157384
1668561121
2954816873
3404350029
3124889407
1872044464
1272041424
925215321
933407593
2446953978
420182603
3794182204
3762545269
3719700014
4257184820
2895893744
1766298183
3224650397
226805020
2475653272
640075859
2690701129
1955836487
2824566989
556797916
4175980667
3060085267
366327008
1529238211
3295839784
2040855407
2782210027
3814933905
2229156165
3026157753
3332115767
2739080436
534280217
1119687822
1762160429
3694170162
3641086103
30803486
1219652676
432270556
3319382134
1149883249
822065524
2026264301
1017358551
318959099
3692236198
2901418334
4046826839
2385758849
3286526787
3177273301
801831733
1410116913
3620077712
2412065602
845338476
1871227224
2463820445
2847473282
4021381627
326858687
3885583244
314285642
3215533470
1182882735
3721963711
1244934067
2584622054
851990494
3232706485
933058330
4010249730
2666486379
569921034
1608816314
2613114521
4126240107
2556582840
1271024192
3382137075
1178038679
2937904480
2115351006
1722138570
3017914124
2543280047
3735760243
984491904
3997862706
2820281155
2941331812
3687719200
4002992219
3151400224
8715499
783093880
3498659710
1735453084
1909839260
1803375990
267693849
1563145909
615623435
54517437
2812443714
2683819758
401656462
951562161
2996750962
3471617209
557592311
1538836914
3833660351
3902577594
3584252803
960211319
2532790652
1643815661
4222730349
3879717130
4070749767
1530311569
3346772059
385743365
2090015859
199730422
3802654149
2963233077
2322535855
3909442538
33294754
1809020198
2784357582
2833429678
1261582345
4232057276
1171110533
2651698820
2130819294
356498957
3332636925
2229445113
38842987
3825938394
2012594961
10174540
1385472725
1801110186
1365148539
429714125
494025037
432319087
20430977
698969638
1567078267
3580146775
410737284
3596017924
576903656
929735023
3172601605
700311865
1322589354
2404316701
2314149140
4074647264
1246663344
3267125247
1529889586
1003998575
790152928
3927831283
1273088224
1550412502
913381323
1032876141
3414476317
4007636449
1592690413
519275793
2386350950
3810161541
1567526234
1529950056
2171967587
3507355564
1065623145
2668280384
1049753924
714860334
2881948410
589980718
805698216
436576864
1220019431
272350345
1703867793
1889171422
729136447
3927267058
1641702246
1538343588
200731199
1671326056
3480658133
1554647838
123244208
3221642345
1813019851
3050771392
3216266537
58761240
457711976
3708102827
3511443782
1941998171
111839446
420301322
2797942345
1574630910
3410385054
1803749752
2015654882
1986233541
3214192931
4260850693
2372197032
4104146090
19957493
886024556
17190674
2366854783
4225548421
2340179834
2892749335
32367894
1357152937
1051078381
183645452
2544954725
519981660
2894752438
2650732744
677426055
2383235710
2372813548
2586398577
491974213
3271540168
3688784220
584413203
1881065442
2156376524
2682009181
4077232850
1193555461
4220757885
115942298
244416531
380445326
69276048
545608536
3112467886
3254639175
931459424
760722764
2414428158
747108533
1298906215
2087834922
2840793741
1125522267
3985629975
1200376970
1609647004
2884161634
3197369369
2033818141
3195911108
4086818164
1993272504
1642031166
1273531049
3563884196
924278488
1710145557
2568666353
3045963772
1104614578
4285827675
2489974498
2532921787
3398684498
3856718742
987943729
3159924553
1683541356
2610109897
1766878801
3606146631
3666806643
3320690061
3726236902
34814324
285749683
422765938
2721408304
99379260
1143739165
1043574215
3715177024
1505249078
1878536708
3805764425
412438769
768705289
1894249738
2935587691
350904213
547816341
3713088994
714634842
1949831063
2573918350
1559502494
1480553636
3572426441
889824533
1910814490
1647173794
2611039603
2349999126
2937036105
1590732814
1617074605
1589589326
156968572
3438678813
1966762600
3683862589
2167894049
3485270077
889442247
210076013
3879634906
2937990727
1612797270
430810569
2355407025
1721176138
3446833716
3940052105
1479347043
1431913375
3416868797
4238404714
2380823769
122518820
741892724
176187694
2590479049
476957215
1077085201
4183103261
1278505393
3130558649
373460243
2522368133
1926455429
1745190425
1605796613
1198026428
2794044481
2977598551
523118171
3269969976
3972018155
871061176
1165211012
2493261708
2805316736
1891244563
1947243130
1171785558
3282931418
2479942678
3471039333
92678972
2449781429
372299706
3425102807
3042589246
2125941401
3347455283
4091357909
3341154678
1451844604
727551887
3668180504
1477123186
3316364763
3550816312
3685760097
2276486794
828537275
3343332450
2127268764
261654714
177752337
3527997481
4126202147
2857615026
2169905756
3647352205
1181658754
2150268223
1107983696
3289226165
2742517940
667380964
114291795
2048682769
716968017
1440029948
2411119949
1175737155
4226182232
3164843554
1105379884
2947284114
2245884395
3360700514
392134441
4069290720
1551020683
213608465
2769204743
353848239
3976634686
3905709370
1177118863
2137926246
2421710614
1662999905
490631352
2180839178
568053160
1700798760
2297610584
2229810341
3547754981
1689552357
859415166
1620223562
811507926
3619962154
991407985
3251515650
1996077889
3315499632
1526790924
1172289200
966663917
3344029988
420896159
727789688
2614034206
2693948241
3792849594
24504570
186737483
487454202
1002476610
617620532
2900551850
1956293067
880644826
2180519620
1008746568
1914225775
101661860
7076612
1629618416
1156259609
4091481780
2902145676
2124199590
3928830942
1253667380
2037608879
2570457719
3530373357
1736413875
4253585745
645200098
2917318123
1114969547
1817752073
1675396475
4203960008
3810643246
3741670885
535336428
932621562
3635101428
3726875664
2410764534
1044495903
1053021566
4261910430
589885621
2202549946
4280102722
1635430701
4072781139
2659336547
3624943737
1160905127
3108776994
70391562
91001200
1383395331
1773029591
1068495241
2515647750
4153624065
1136973518
2624115072
2113267396
3637220800
2493841024
2733989939
641781120
995890375
3540072758
1043398574
1637401991
3023391346
3414312380
615879643
2818955987
2591950820
277854028
3478861843
2646201304
2293709544
4189175681
4110307063
3535025536
606307300
2753293117
3610337718
4145722504
2418282755
2025520526
81477572
4146130505
505547654
2331557022
3458866603
684411774
637290762
1840800649
501133219
963143955
4029133625
1168670630
4016932910
791121516
3464688028
182007541
3335611040
1997424819
3612740496
3668782427
614649363
118043899
1097238279
3895094559
1994660107
1343782630
3780117513
427304587
4202946706
3035735258
3747420945
1360884687
218097040
2222601478
2404033462
4288492264
647595375
3774393038
917357335
1789449493
3803009423
4153535776
2021674807
2470806238
512298267
792848257
2874523597
3822856514
4110254838
748381528
1278464851
1470626526
3261516628
2620139350
3116004979
1162524297
1798027161
404498784
1049281680
3077460173
2543274961
2536972446
2097891605
1919011411
2180185929
2190109199
1558993884
1423844793
3791967719
911636543
2905411184
953069429
209210388
498897656
2397288888
2563786664
1103916907
3958779636
1441760712
3203499640
2680557182
1946851216
291728338
2031797869
2102513695
3743178569
2617519621
2451350151
2081566194
1750584136
138104756
3093331617
1684090129
1781231428
643866763
1715880362
3925395261
1609394495
3144530747
127283387
2187205001
1822794360
1721728130
4137074976
3131453081
1011446566
2867343416
2267347698
407034100
4050684784
3522926152
2003941083
767669531
2249015616
1743891488
3891411861
2710784229
3787288706
717711236
3046481821
4164109533
1471267435
113364826
2499797928
4108910396
1715793236
1448397773
2623091390
