3101
3201
3301
3407
3408
3501
3701
3707
3102
3401
3103
3104
3105
3402
3302
3502
3409
3500
3111
3112
3113
3417
3418
3717
3718
3719
4101
4102
4103
4104
4105
4106
4201
4202
4203
4301
4302
4303
4304
4305
4306
4307
4308
4309
4310
4311
4312
4313
4314
4315
4316
4317
4318
4319
4401
4402
4403
4404
4501
601
602
621
641
664
665
642
401
403
407
411
421
431
491
492
408
432
701
702
721
741
761
782
794
763
722
723
731
732
733
1302
1306
1321
1341
1361
1303
1
2
3
23
27
28
41
61
67
68
81
82
84
4
5
6
24
83
42
13
14
15
16
17
18
19
29
26050
30
5501
5503
5504
5505
5516
5521
5523
5524
5541
5542
5502
5522
5560
5570
5580
7801
7802
7803
7804
7805
7806
7807
7808
7809
7810
7811
7812
7813
7814
7815
7816
7817
7818
7819
7820
7821
7822
7823
7824
7825
7826
7827
7828
7829
7830
7831
7832
7833
7834
7835
7836
7837
7838
7839
7840
7841
7842
7843
7844
7845
7846
7847
7848
7849
7850
7851
7852
7853
2001
2002
2003
2004
2005
2006
2007
2008
2009
2010
2011
2012
2013
2014
2015
301
303
304
311
312
313
314
322
331
6900
7000
7100
7200
7300
7400
7500
7101
203
204
205
206
207
208
209
210
211
1611
1612
1602
1621
1648
1661
1681
1686
1401
1402
1411
1421
1431
1451
1452
1461
1462
901
902
903
904
905
2402
2403
2404
2405
2406
1102
1103
1104
1106
1110
1112
1121
1122
1123
1124
1125
1126
1127
1128
1129
1130
1131
1132
1133
1134
1135
1136
1137
201
202
221
223
224
241
261
281
284
225
8001
8002
801
802
803
4001
4002
4003
4004
4005
5010
5011
5013
5015
5016
5017
5018
5019
5020
5052
5053
3001
2904
1801
3802
3803
3804
3805
3806
3807
3808
3809
3810
3811
3812
6300
1501
6500
6700
6000
6800
6200
1463
1406
6600
6400
6100
4802
4803
6550
7600
900
999
