1
2
12
14000
1102
43000
43002
43003
43004
43005
43071
43072
43073
43081
43082
43083
43122
43129
43131
43132
43133
43007
14010
43020
43022
43023
43024
43025
43026
43027
14020
43010
43011
43013
43014
43015
14030
43040
43041
43042
43043
43030
43031
43032
43033
43050
43051
43052
43053
43054
43055
43056
43057
43058
43059
43060
43111
41241
43061
43062
43063
43064
43065
43066
3
17
15010
1301
47020
47021
47022
47023
47024
47025
47026
47027
47028
47029
15000
1302
47001
47002
47003
47004
47090
47000
47010
47011
47012
47037
47036
47035
47030
47032
47034
47041
47042
47043
47044
47045
47046
47051
47052
47053
47060
47061
47070
47071
47072
47073
47074
47081
47083
47084
47085
47110
47111
47112
47113
47114
47115
47121
47122
47123
47124
47125
47126
47127
47128
47129
47130
47131
47132
47133
47134
47140
47141
47142
47143
47144
47150
47151
47154
47155
47160
47161
47162
47163
47164
47165
47166
47167
47168
47169
47170
47171
47172
47173
47091
47031
47033
47040
47050
47080
47082
4
13
10000
1201
41002
41003
41004
41090
41091
42073
42075
42039
41110
41112
41111
41120
41121
41122
41123
41124
41125
41127
41133
41128
41138
41129
41130
41132
41135
41136
41137
41140
41160
41161
41162
41164
41165
41166
41167
41168
41169
41180
41181
41184
41191
41192
41200
41201
41202
41203
41022
41023
41024
41025
41026
41027
41028
41029
41033
41034
41037
41038
41039
41041
41042
41043
41044
41045
41000
43130
41131
41190
11010
41060
41061
41062
41063
41064
41065
41134
41210
41211
11020
41020
41021
41010
41011
41012
11030
41070
41071
41072
41073
41074
11040
51015
41030
41031
41032
41035
41036
41046
41040
41194
42000
42002
42003
42004
42010
42014
42016
42020
42001
42021
42025
42070
42071
42072
42074
42080
42090
42015
42040
11050
41001
41050
41051
41052
41053
41080
41170
41220
41221
42030
42032
42033
42034
42035
42036
42037
42031
10033
1204
41230
41231
41233
41232
41242
41250
41234
41235
41236
41237
41239
41243
41244
41245
41249
41246
41247
41248
41251
41252
41253
41150
41240
41254
41255
6
14
12000
1202
10019
10154
44000
44001
44170
44135
44081
44085
44086
44087
44088
44045
44050
44051
44052
44054
44070
44090
44091
44101
44102
44103
44104
44110
44120
44124
44125
44126
44127
44128
44129
45030
45031
45032
45033
45040
45041
45042
45043
45060
45061
45062
45064
44130
44131
44137
44132
44133
45070
45071
45072
45073
45074
45075
44030
44055
12010
10073
44150
44151
44152
44153
44154
44155
44156
44157
44158
44159
44180
44160
44161
44162
44060
44061
44062
44064
44065
44066
44067
44069
44068
12020
44010
44140
44141
44142
44143
44146
44144
44145
44134
12030
44148
44080
44082
44084
44072
44083
44089
44071
12040
44147
44020
44021
44022
44023
44028
44024
44025
44026
44027
44049
44047
44044
44048
12050
44031
44032
45011
44033
44034
44035
44036
44037
44038
44039
44040
44041
44042
45012
45013
44046
45010
12060
47120
45020
45021
45022
45026
5
15
13000
1203
10176
46000
46001
46002
46004
46060
46061
46062
46063
46120
46121
46122
46123
46130
46132
46131
46134
46135
46140
46141
46142
46143
46144
46150
46151
46153
46156
46157
46160
46003
46005
46040
46041
46042
46043
46080
46081
46082
46083
46084
46090
46096
46097
46100
46101
46102
46110
46111
46112
46113
46114
46115
46116
46117
46050
46070
46154
46155
46006
46044
13020
10088
46020
46021
46022
46023
46024
46030
46031
46032
46033
46034
46035
46036
46037
46038
46170
46171
46172
46173
13030
46010
46011
46012
46013
46014
46015
46016
46017
46161
46162
46163
7
60001
60101
60201
60301
10181
10001
11001
11101
10002
11002
10003
10004
10005
11005
10007
10009
10011
10012
11012
12012
11112
11212
11312
10017
11017
11117
11217
11317
11417
10018
11018
10043
11043
10172
10272
10201
11003
10020
10183
10021
10027
10022
10149
10006
10026
10030
10171
11004
10023
11023
12023
10032
11032
10089
11089
10015
10101
10105
11149
11150
10151
10152
10155
10156
11156
10163
11163
10173
11173
10175
10148
10049
10185
10190
10180
10198
10199
11199
11299
11399
14153
14253
14353
11557
44053
45063
44100
10068
11068
12068
11168
10070
11070
10080
10081
10083
10084
10085
10087
11087
11187
10153
10158
10178
10082
10157
11157
11257
11357
11457
46152
10034
10035
10037
10045
11045
10046
10167
10174
11174
43006
43084
43121
43034
43120
10127
10131
11131
10186
10065
10055
10056
10058
10184
10062
10064
10066
10067
10109
10108
10177
10182
10187
10188
10111
10112
10113
10115
10124
10165
10166
10191
11006
11007
11008
8
52002
52001
52013
52023
52191
52003
52158
52099
52089
52150
52097
52144
52083
52122
52016
52131
52109
52041
52175
52152
52014
52055
52140
52009
52162
52201
52137
52091
52036
52113
52018
52079
52151
52189
52121
52176
52084
52138
52200
52312
52313
52314
52315
52316
52301
52305
52310
52311
32001
32003
32004
32006
32007
32009
32010
32011
32012
32013
32015
32016
32017
32018
32019
32020
32021
32023
32024
32025
32026
32027
32028
32029
32030
32031
32032
32033
32034
32035
32036
32501
32502
32503
33001
33002
33003
33004
33005
33006
33007
33008
33009
33010
33011
33012
33013
33014
33015
33016
33017
33018
33019
33020
33021
33022
33023
33024
33025
33026
33027
33028
33029
33030
33031
33032
33033
33034
33035
33036
33037
33038
33039
33040
33041
33042
33043
33045
33046
33047
33048
33049
33050
33051
33052
33053
33054
33055
33056
33057
33058
33059
33060
33061
33062
33063
33064
33065
33066
33067
33068
33069
33070
33071
33072
33073
33074
33075
33076
33077
33078
33079
33080
33081
33082
33083
33084
33085
33086
33087
33088
33089
33090
33091
33092
33093
33094
33098
33100
33101
33102
33103
33104
33105
33106
33107
33108
33109
33110
33111
33112
33113
33114
33115
33116
33117
33118
33119
33120
33121
33122
33123
33124
33125
33126
33127
33128
33129
33130
33131
33133
33134
33135
33136
33137
33138
33139
33140
33141
48100
48110
48120
48130
48140
48150
48160
48170
48180
48200
48201
48202
48203
48204
48205
48206
48210
48211
48220
48221
48222
48223
48224
48225
48226
48300
48302
48303
48400
48401
48402
48403
48404
48405
48406
48407
48408
48409
48410
48411
48500
48501
48502
48503
48504
48505
48506
48507
48508
48509
48510
48511
48512
35002
36104
45001
45002
45003
45004
45005
45006
