1000401
1000044
1000013
1000014
1000045
1000557
1000282
1000340
1000643
1000046
1000019
1000350
1000353
1000060
1000355
1000356
1000358
1000804
1000805
1000806
1000345
1000346
1000347
1000200
1000341
1000590
1000592
1000598
1000599
1000359
1000727
1000016
1000020
1000021
1000048
1000049
1000025
1000339
1000348
1000003
1000600
1000601
1000370
1000059
1000064
1000066
1000073
1000097
1000029
1000329
1000332
1000333
1000334
1000335
1001016
1000400
1000067
1000068
1000033
1000096
1000270
1000319
1000322
1000323
1000324
1000321
1000320
1000069
1000035
1000036
1000065
1000093
1000070
1000071
1000072
1000098
1000792
1000646
1000647
1000648
1000656
1000273
1000276
1000277
1000274
1000011
1000283
1000284
1000285
1000088
1000089
1000287
1000288
1000289
1000527
1000295
1000296
1000261
1000300
1000301
1000310
1000311
1000312
1000403
1000313
1000314
1000315
1000316
1000343
1000038
1000039
1000063
1000371
1000161
1000372
1000162
1000373
1000374
1000375
1000377
1000663
1000386
1000387
1000388
1000390
1000165
1000210
1000237
1000267
1000535
1000537
1000586
1000587
1000588
1000589
1001018
1000755
1000659
1000041
1000757
1000378
1000758
1000966
1000396
1000398
1000399
1000115
1000286
1000191
1000248
1000293
1000294
1000009
1000057
1000074
1000075
1000458
1000203
1000425
1000426
1000457
1000376
1000793
1000783
1000784
1000785
1000786
1000787
1000092
1000076
1000409
1000099
1000408
1000411
1000480
1000672
1000673
1000455
1000456
1000461
1000008
1000419
1000420
1000421
1000422
1000423
1000318
1000268
1000427
1000428
1000529
1000431
1000432
1000433
1000434
1000043
1000435
1000437
1000438
1000439
1000441
1000442
1000443
1000444
1000445
1000446
1000447
1000448
1000462
1000463
1000464
1000487
1000842
1000488
1000489
1000490
1000491
1000492
1000493
1000531
1000532
1000496
1000497
1000430
1000645
1000660
1000661
1000662
1000679
1000688
1000756
1000759
1000761
1000762
1000269
1000280
1000653
1000654
1000655
1000657
1000658
1000769
1000771
1000772
1000594
1000579
1000593
1000581
1000584
1000591
1001021
1000602
1000604
1000605
1000606
1000607
1000608
1000613
1000619
1000649
1000650
1000651
1000652
1000498
1000499
1000500
1000501
1000278
1000279
1000018
1000514
1000515
1000550
1000554
1000562
1000576
1000061
1000549
1000101
1000102
1000103
1000104
1000107
1000106
1000184
1000185
1000186
1000188
1000189
1000192
1000193
1000194
1000264
1000053
1000109
1000113
1000114
1000223
1000127
1000141
1000123
1000122
1000126
1000116
1000117
1000118
1000119
1000152
1000153
1000154
1000155
1000156
1000050
1000157
1000158
1000159
1000163
1000095
1000634
1000639
1000533
1000172
1000173
1000174
1000175
1000176
1000177
1000180
1000181
1000182
1000183
1000166
1000167
1000169
1000168
1000170
1000022
1000023
1000024
1000026
1000142
1000040
1000042
1000054
1000055
1000196
1000000
1000001
1000002
1000015
1000617
1000618
1000620
1000621
1000622
1000623
1000624
1000603
1000625
1000627
1000628
1000629
1000630
1000266
1000195
1000197
1000198
1000199
1000218
1000219
1000220
1000221
1001009
1000202
1000290
1000292
1000213
1000214
1000215
1000216
1000217
1000031
1000032
1000034
1000037
1000534
1000028
1000030
1000187
1000271
1000272
1000275
1000291
1000303
1000304
1000482
1000017
1000297
1000298
1000299
1000349
1000467
1000609
1000468
1000470
1000469
1000610
1000474
1000385
1000062
1000744
1000743
1000635
1000737
1000424
1000436
1000440
1000732
1000788
1000791
1000789
1000790
1000305
1000306
1000307
1000308
1000309
1000402
1000410
1000412
1000413
1000415
1000476
1000477
1000478
1000484
1000483
1000485
1000379
1000380
1000352
1000362
1000363
1000364
1000365
1000694
1000696
1000366
1000056
1000077
1000471
1000472
1000473
1000336
1000486
1000351
1000078
1000125
1000128
1000129
1000130
1000131
1000133
1000807
1000808
1000776
1000108
1000110
1000112
1000111
1000120
1000010
1000143
1000139
1000140
1000302
1000479
1000502
1000503
1000516
1000517
1000518
1000090
1000207
1000208
1000519
1000121
1000124
1000058
1000134
1001003
1001002
1000833
1000504
1000505
1000506
1000507
1000508
1000509
1000081
1000513
1000521
1000520
1000522
1000524
1000523
1000525
1000996
1000150
1001000
1000541
1000542
1001031
1000086
1001001
1000132
1001026
1000135
1000136
1000137
1000138
1000510
1000511
1000512
1000843
1000997
1001008
1000666
1000641
1001004
1000545
1000844
1000547
1000548
1001007
1001005
1001006
1000051
1000642
1000546
1000395
1000201
1000393
1000047
1001115
1000616
1000164
1000281
1000526
1000012
1001116
1000466
1000459
1000530
1001050
1001117
1000027
1001118
1001120
1001121
1000151
1000569
1001119
1000690
1000691
1000692
1000094
1000680
1000091
1000100
1000160
1000667
1001017
1001019
1001010
1001013
1000344
1000233
1000767
1000768
1000770
1000773
1000774
1000775
1000777
1000778
1000780
1000781
1000782
1000845
1000701
1000702
1000703
1000809
1000704
1000978
1001057
1000405
1000317
1000724
1000725
1000726
1000979
1000612
1000211
1000721
1000722
1000723
1000697
1000698
1000699
1000700
1000705
1000706
1000707
1000708
1000709
1000636
1000710
1000711
1000712
1000713
1000715
1000716
1000717
1000718
1000719
1000720
1001102
1001108
1000664
1000079
1000080
1000082
1000083
1000084
1000085
1000144
1000145
1000146
1000147
1000149
1000563
1000564
1000148
1000540
1000992
1000993
1000994
1000995
1001103
1000406
1000407
1000779
1000987
1000988
1000989
1000990
1000991
1001104
1001122
1001123
1000980
1000981
1000982
1000983
1000984
1000985
1000986
1001124
1000614
1000631
1000730
1000811
1000812
1000731
1000733
1001058
1000813
1000814
1000734
1000735
1000736
1000747
1000749
1000753
1000931
1000637
1000638
1001105
1000615
1000644
1001125
1000543
1001054
1001055
1001056
1001106
1001046
1001047
1001048
1001049
1001051
1001052
1001053
1001032
1001033
1001034
1001035
1001036
1001037
1001038
1001039
1001040
1001041
1001042
1001043
1001045
1001107
1000354
1000611
1000728
1000738
1000751
1000752
1001027
1001028
1001029
1001030
1001059
1001060
1001061
1001062
1001063
1001064
1001065
1001066
1001067
1001068
1001069
1001070
1001071
1001072
1001073
1001074
1001075
1001076
1001077
1001078
1001079
1001080
1001081
1001082
1001083
1001084
1001085
1001087
1001088
1001089
1001090
1000764
1000765
1000766
1000846
1000847
1000848
1000849
1000850
1000851
1000852
1000853
1000854
1000855
1000856
1000857
1000858
1000859
1000860
1000861
1000862
1000863
1000864
1000865
1000866
1000867
1000868
1000869
1000870
1000871
1000872
1000873
1000874
1000875
1000876
1000877
1000879
1000880
1000881
1000882
1000883
1000884
1000885
1000886
1000887
1000888
1000889
1000890
1000891
1000892
1000893
1000894
1000895
1000896
1000897
1000898
1000899
1000900
1000901
1000902
1000903
1000904
1000905
1000906
1000907
1000908
1000909
1000910
1000911
1000912
1000913
1000914
1000915
1000916
1000917
1000918
1000919
1000920
1000921
1000922
1000923
1000924
1000925
1000926
1000927
1000928
1000929
1000930
1000932
1000933
1000934
1000935
1000936
1000937
1000938
1000939
1000940
1000941
1000942
1000943
1000944
1000945
1000946
1000947
1000948
1000949
1000950
1000951
1000952
1000953
1000954
1000955
1000956
1000957
1000958
1000959
1000960
1000961
1000962
1000963
1000964
1000965
1000967
1000968
1000969
1000970
1000971
1000972
1000973
1000974
1000975
1000976
1000977
1000815
1000816
1000818
1000819
1000820
1000746
1001126
1000817
1000821
1000822
1000763
1000823
1000824
1000760
1000826
1000828
1000829
1000830
1000831
1000832
1000836
1000837
1000827
1000834
1000835
1000838
1000839
1000840
1000841
1000640
1000342
1001025
1000745
1000748
1000750
1001175
1001204
1001168
1001169
1001170
1000327
1000328
1000330
1000331
1000337
1000338
1000357
1000360
1000361
1000368
1000369
1000381
1000382
1000383
1000384
1000389
1000391
1000392
1000394
1000397
1000212
1000222
1001176
1001177
1001178
1001179
1001180
1001181
1001182
1001183
1001184
1001185
1001186
1000544
1001187
1001188
1001189
1001190
1000568
1001191
1001192
1001193
1001194
1001195
1001196
1001197
1001198
1001199
1001200
1001201
1001202
1000570
1001203
1001205
1001206
1001207
1001208
1001209
1001210
1001211
1001212
1001213
1001214
1000573
1001215
1001216
1001217
1001218
1001219
1001220
1001221
1001222
1000626
1001223
1001224
1001225
1001226
1001227
1001228
1001229
1001230
1001231
1001232
1001233
1001234
1001235
1001236
1001237
1001238
1001239
1001240
1001241
1001242
1001243
1001244
1001245
1001246
1001247
1001248
1001249
1001250
1001251
1001252
1001253
1001254
1001255
1001256
1001257
1001258
1001259
1001260
1001261
1000739
1000740
1000741
1000742
1000754
1000404
1001110
1001111
1001163
1000632
1000633
1000729
1000571
1000572
1000574
1000229
1000179
1000205
1000206
1000204
1000171
1000246
1000241
1000006
1000007
1000247
1000244
1000231
1000230
1000178
1000243
1000087
1000224
1000225
1000226
1000227
1000800
1000228
1000232
1000234
1000414
1000801
1000235
1000236
1000802
1000238
1000239
1000240
1000242
1000245
1000249
1000250
1000251
1000803
1000252
1000253
1000254
1000052
1000255
1000256
1000257
1000258
1000259
1000260
1000416
1000004
1000005
1000367
1000429
1000460
1000494
1000495
1000536
1000538
1000539
1000565
1000567
1000190
1000695
1000105
1000665
1000668
1000669
1000670
1000671
1000262
1000263
1000265
1000558
1000559
1000560
1000561
1000578
1000580
1000582
1000583
1000585
