16984
17003
17004
17005
17006
17007
17008
17009
17010
17011
17012
17013
17014
17015
17016
17017
17018
17019
17020
17021
17022
17023
17024
17025
17026
17027
17028
17029
17030
17031
17032
17033
17034
17035
17036
17037
17038
17039
17040
17041
17042
17043
17044
17045
17046
17047
17048
17049
17050
17051
17052
17053
17054
17055
17056
17057
17058
17059
17060
17061
17062
17063
17064
17065
17066
17067
17068
17069
17070
17071
17072
17073
17074
17075
17076
17077
17078
17079
17080
16970
16972
16974
16973
16975
16977
16985
16976
16986
16978
16979
16980
16987
16988
16989
16990
16991
16992
16993
16997
16995
16996
16981
16982
16983
16998
16999
17000
17001
17002
17081
17082
17083
17084
17085
17086
17087
17088
17089
17090
17091
17092
17093
17094
17095
17142
17096
17097
17098
17099
17100
17101
17102
17103
17104
17157
17105
17106
17107
17108
17109
17110
17111
17112
17113
17114
17115
17116
17117
17118
17119
17120
17121
17122
17123
17124
17125
17126
17127
17128
17129
17130
17131
17132
17133
17134
17135
17136
17137
17138
17139
17140
17141
17143
17144
17145
17146
17147
17148
17149
17150
17151
17152
17153
17154
17155
17156
17158
17159
