1000424
1000428
1000054
1000438
1000525
1000546
1000547
1000556
1000596
1000597
1000598
1000599
1000600
1000601
1000602
1000603
1000630
1
2
3
4
7
6
123
2147483098
1000957
1001011
51
48
49
1000573
1002012
1001348
1001349
1001350
1001351
1001978
1001979
1001980
1001981
1001982
1001983
1001984
1001985
1000400
1000401
1000402
1000404
1000407
1000408
1001992
1001993
1001994
1001995
1001996
1002731
1002732
1002733
1002734
1002735
1002736
13
1000361
1000018
1002044
1000797
1000821
1000837
1001020
1001021
1001022
1003887
1001024
1001025
1000959
1000560
1002711
1002712
1002713
1002714
1002715
1002716
1000155
1000520
1001093
1001016
1000779
1004146
1000583
1002605
1002606
1004875
1000153
1000154
1002607
1004265
1004266
1004267
1004268
1004269
1004270
1004271
1004272
1004273
1004274
1004275
1004276
1004277
1004278
1004279
1002608
1004280
1004281
1004282
1004283
1004284
1004285
1004286
1004287
1004288
1004289
1004290
1004291
1002609
1004292
1004293
1004294
1004295
1004296
1004297
1004298
1004299
1004300
1004301
1004302
1004303
1004304
1004305
1004306
1004307
1004308
1004309
1004310
1004311
1004312
1004313
1004314
1004315
1004316
1004317
1004318
1004319
1004320
1004321
1004322
1004323
1004668
1004669
1004670
1004671
1004672
1004673
1004674
1004675
1004676
1004677
1004678
1004679
1004680
1004681
1004682
1004683
1004684
1004685
1004686
1004687
1004688
1004689
1004690
1004691
1004692
1004693
1004694
1004695
1004696
1004697
1004698
1004699
1004700
1004701
1000749
1000273
1000751
1001899
1001904
1000756
1000755
1001888
1000754
1000753
1001889
1000759
1001724
1001902
1000128
1000758
1001900
1000763
1001901
1000741
1001925
1000860
1000774
1001923
1001924
1000848
1001926
1000190
1001964
1000794
1000800
1002134
1000795
1001911
1001912
1000113
1001739
1001740
1001905
1001737
1000852
1000854
1001738
1001743
1000191
1001966
1000777
1001735
1001906
1001908
1001730
1001907
1000783
1001909
1001731
1000780
1000786
1000789
1001771
1000782
1000768
1001910
1001928
1000278
1000792
1001773
1000857
1001965
1000807
1000815
1001749
1000808
1002979
1002980
1002983
1003003
1002840
1001849
1001914
1001751
1001752
1001750
1001753
1001967
1001761
1000827
1000826
1001755
1001762
1001953
1000214
1001758
1001767
1001768
1002991
1000833
1000832
1001917
1001918
1001919
1001920
1001921
1001922
1001766
1001777
1001916
1000211
1001968
1000615
1000030
1000851
1001120
1001119
1001289
1002434
1001754
1002516
1002992
1000193
1000360
1000869
1001210
1000500
35123
1000106
1000103
35247
1001799
1001801
1000015
1001803
1001800
1000987
1000016
1000017
1000089
1000090
1000740
1001786
1001795
1000398
1001682
1002119
1002420
1001674
1001781
1001783
1001782
1001808
1002254
1002298
1002357
1002166
1002167
1002168
1000850
1001827
1001836
1001837
1001838
1001839
1001676
1002250
1000382
1001714
1002220
1002221
1001712
1002222
1001713
1002223
1002224
1002225
1002228
1003315
1002230
1002231
1002232
1002234
1001834
1001835
1001715
1001716
1001717
1001718
1000340
1000341
1000342
1000350
1000351
1003339
1002171
1002131
1002170
1002135
1002136
1002137
1001678
1001809
1001680
1001681
1001684
1001685
1001686
1001671
1001840
1001677
1001841
1002169
1001687
1001688
1001691
1000029
1002142
1002146
1002147
1001666
1001667
1001668
1001669
1001670
1001689
1001810
1001811
1001812
1002144
1002150
1000840
1000643
1000861
1000862
1000863
1001665
1002116
1002117
1002143
1002118
1002120
1001690
1000104
1000105
1000098
1002124
1002127
1002126
1002128
1000036
1002141
1002145
1002149
1002148
1001883
1001884
1001886
1001887
1000258
1000261
1000262
1000339
1000522
1000523
1000529
1000536
1001780
1000352
1002238
1002151
1002138
1002125
1002139
1000091
1002122
1002123
1002121
1003112
1003113
1003114
1001672
1001673
1002665
1002666
1002667
1002668
1002669
1002670
1002679
1002680
1002681
1002682
1002683
1003041
1002035
1002036
1002038
1002252
1002043
1003042
1003141
1003283
1000747
1000748
1001719
1001720
1001721
1001722
1000370
1000371
1003228
1003229
1003230
1004142
1000567
1000568
1001930
1001931
1001932
1001933
1002172
1002173
1002174
1002175
1002176
1002178
1004774
1002218
1002177
1002318
1002179
1002181
1002182
1002183
1002180
1002184
1002186
1002190
1002187
1002188
1002189
1001890
1001891
1000058
1002192
1002193
1002194
1002195
1002196
1002209
1002197
1002198
1002199
1002211
1002212
1002213
1002216
1002217
1002219
1002239
1002240
1002200
1002207
1002206
1002205
1002201
1001844
1002202
1002204
1003250
1002203
1001845
1002208
1001829
1002700
1002701
1003343
1001806
1002185
1002050
1002052
1002053
1002057
1002068
1002071
1002073
1002086
1002087
1000114
1000439
1000440
1000441
1000443
1000569
35245
1001168
1000447
1001946
1000988
1000989
1001804
1001805
1002247
1002314
1002315
1002249
1003070
1002248
1002312
1002313
1002308
1002333
1001828
1002338
1002266
1002307
1002371
1002372
1002373
1002374
1002375
1002345
1002346
1002347
1003849
1003816
1003817
1003818
1002302
1002309
1002310
1002311
1002303
1002304
1000031
1003241
1000147
1002152
1002156
1002153
1002158
1002154
1002157
1002155
1000336
1000345
1002159
1002160
1002295
1002296
1002297
1002299
1002300
1002329
1002330
1002305
1002331
1002306
1002267
1000043
1001797
1001798
1002268
1002678
1002269
1002272
1002270
1002332
1002255
1000044
1002271
1002274
1001882
1002273
1002256
1000042
1002275
1002276
1002277
1002278
1002279
1002280
1002281
1002342
1002344
1002341
1002343
1002282
1002283
1002284
1002339
1002340
1002285
1002286
1002287
1002288
1002316
1002317
1002289
1002290
1002291
1002292
1002293
1002294
1002324
1002358
1002359
1002360
1002361
1002325
1002362
1002363
1002364
1002365
1002366
1002321
1002322
1002323
1002320
1002161
1002162
1002163
1002088
1002089
1002090
1003043
1003115
1003116
1003117
1003118
1003120
1003121
1003122
1003119
1002259
1002260
1002261
1002262
1002263
1002264
1002265
1003850
1000879
1000881
1000430
1001517
1001518
1001519
1000880
1001850
1001848
1001864
1000078
1001865
1001866
1001867
1001870
1001871
1001875
1001876
1001877
1000403
1002684
1002685
1002688
1002689
1002690
1002691
1002692
1002693
1002694
1002695
1002696
1002697
1002698
1002699
1002702
1002703
1002704
1002705
1002706
1002841
1002842
1002897
1002901
1002902
1002903
1002904
1002510
1002511
1002512
1002537
1002538
1003154
1003155
1003251
1003217
1003284
1003285
1003286
1003365
1003366
1003289
1003214
1000076
1003156
1003157
1003158
1003159
1003160
1003161
1003162
1003163
1003164
1003165
1003166
1003167
1003168
1003169
1003170
1003171
1003172
1003173
1003174
1003175
1003176
1003177
1003178
1003179
1003180
1003181
1003182
1003184
1003185
1003186
1003187
1002905
1002908
1002909
1002544
1002568
1002570
1002571
1002573
1002578
1002588
1002589
1002590
1002591
1002593
1002594
1002604
1002610
1002611
1002636
1002637
1002638
1002639
1002642
1002643
1002657
1002658
1002659
1002660
1002664
1003290
1003044
1003045
1003046
1003047
1003048
1003049
1003050
1003051
1003052
1003053
1003054
1003055
1003056
1003057
1003058
1003059
1003252
1003253
1003291
1003292
1003293
1003294
1003295
1003296
1003060
1003061
1003064
1003065
1003066
1003067
1003068
1003069
1003072
1003073
1003074
1003075
1003077
1003081
1003083
1003084
1003085
1003086
1003087
1000084
1000085
1003374
1003375
1003376
1003377
1003378
1003379
1003380
1003381
1003382
1003383
1003384
1000357
1003385
1003386
1003387
1003388
1000855
1003389
1003390
1003391
1003392
1003393
1003394
1003395
1003396
1003397
1003398
1003399
1003400
1000865
1003401
1003402
1003403
1003404
1003405
1003406
1003407
1003408
1003409
1003410
1003411
1003412
1002133
1003413
1003414
1003415
1003416
1003417
1003418
1003419
1003420
1002532
1003421
1003422
1003423
1003424
1003425
1003426
1003427
1003428
1003429
1003430
1003431
1003432
1003433
1003434
1003435
1003436
1003437
1003438
1003439
1003440
1003441
1003442
1003443
1003444
1003445
1003446
1003447
1003448
1003449
1003450
1003451
1003452
1003453
1003454
1003455
1003456
1003457
1003458
1003459
1003460
1003461
1003462
1003463
1000433
1003364
1003372
1003464
1003465
1003466
1003484
1003498
1003499
1003532
1003546
1003548
1003549
1003551
1003553
1003554
1003556
1003557
1003558
1003565
1003261
1001868
1001869
1002686
1003307
1003308
1003309
1000096
1000502
35246
1001825
1001873
1001874
1002376
1002377
1002378
1002454
1002379
1002408
1003240
1002409
1002455
1002456
1001183
1002457
1002413
1002417
1002418
1002414
1002415
1002416
1002419
1002458
1002393
1002400
1002396
1002397
1002394
1002401
1002395
1002398
1002399
1002402
1002388
1002389
1002390
1002391
1002392
1002380
1002381
1002382
1002383
1002384
1002385
1002386
1002387
1003262
1002354
1002355
1002356
1000056
1001851
1001852
1001853
1001854
1001855
1001856
1001857
1001842
1001858
1001860
1001861
1001862
1001863
1002421
1002422
1002424
1002425
1002426
1002423
1002427
1000059
1000060
1002435
1002403
1002407
1002405
1002406
1002404
1002450
1002451
1002452
1002453
1002438
1002439
1002440
1002441
1002442
1002443
1002449
1002445
1002446
1002444
1002447
1002448
1002334
1002335
1002336
1002337
1000057
1002091
1002092
1002093
1003123
1003124
1003125
1003126
1003127
1003128
1003129
1003130
1003131
1003132
1003133
1003134
1003136
1000882
1000884
1000892
1000883
1000842
1001831
1002368
1002369
1002370
1000845
1000847
1000849
1002436
1002437
1000859
1000864
1003079
1003080
1001935
1001936
1003226
35249
1000324
1002461
1002463
1002465
1003263
1002462
1002464
1002502
1002469
1002470
1001833
1002471
1002472
1002473
1002474
1002476
1002428
1002433
1002466
1002535
1002536
1002530
1001878
1001879
1002533
1002534
1002482
1002487
1002488
1002483
1002484
1002485
1002486
1002489
1002490
1002491
1002492
1002522
1002523
1002477
1002478
1003264
1002480
1002467
1002468
1002499
1002500
1002501
1001476
1001477
1001478
1002509
1002503
1002505
1002507
1002508
1002506
1002519
1002520
1002521
1002494
1002498
1002495
1002496
1002497
1003101
1003102
1003033
1002493
1000004
1000005
1000008
1000009
1000010
1000011
1000019
1000020
1000021
1000022
1000025
1000026
1000027
1000028
1002529
1002094
1002095
1002096
1002098
1002164
1002165
1002210
1002226
1002229
1002236
1003265
1003367
1003337
1002475
1000894
1000893
1000895
1000896
1000897
1001790
1001791
1001792
1001793
1001794
1000381
1003071
1000380
1003819
1003839
1001593
1005194
1005195
1067
1003224
1003848
1003827
1065
1062
1066
1051
1003223
1003222
1056
1055
2147483374
2147483373
2147483372
2147483370
2147483369
2147483368
1036
1029
1003830
1107
1000151
1186
1070
2306
2324
2147483366
1009
1015
1016
1014
1001
2147483371
1075
1080
1081
1086
1095
1017
1133
1003825
1089
1094
1003298
1142
1047
2147483376
2147483362
2147483353
2147483352
2301
1131
2304
1136
2302
2312
2307
2147483375
2147483364
2147483363
2147483359
2147483358
2147483355
2147483354
1099
1104
1144
1000150
1146
1102
1183
1003826
1006
1058
2147483336
2147483334
2147483333
2147483331
2147483330
2147483329
2147483327
2147483326
2147483324
2147483323
2147483321
1003360
1555
1175
1003236
1172
1171
1173
1174
1187
2147483349
2147483347
2147483348
2147483346
2147483345
2147483344
2147483343
2147483342
2147483341
2147483338
2147483340
2147483339
2147483350
2147483287
1005336
1005337
1005338
2147483286
2147483284
2147483283
2147483282
1162
1150
1001484
1003829
1208
2305
2147483367
2147483285
2147483365
2147483360
2147483357
2147483356
2147483351
1163
1048
1003828
2608
1127
2147483361
1005076
1502
1517
1541
1523
1504
1540
1552
1511
1509
1536
1002958
2147483289
2147483288
2147483290
1503
1505
2147483306
2147483304
2147483303
2147483302
2147483301
2147483300
2147483332
2147483328
2147483325
2147483310
2147483309
1525
1508
1538
2147483308
2147483307
2147483320
2147483319
2147483318
2147483317
2147483316
2147483315
2147483314
2147483313
2147483312
2147483311
2147483292
2147483291
2147483299
2147483298
2147483297
2147483296
2147483295
2147483294
2147483293
1000652
2001
2002
2003
2004
2005
2032
1001592
2006
2037
2031
2040
2041
2016
2017
2028
2029
2030
2033
2034
2035
2027
2036
2226
1000653
2014
2021
1001734
2018
2019
2020
2015
2022
2038
2214
2216
2219
2215
2217
2224
2147483281
2023
2009
1001594
1001595
2024
1001596
2025
2026
1000156
1002837
1001602
1001603
1001604
1001627
1001614
1001625
1001645
1001631
1001640
1001607
1001642
1001643
1001636
1001630
1001626
1001639
1001599
1001600
1001601
1001624
1001628
1001621
1001622
1001632
1001623
1001580
1001633
1001635
1001637
1001638
1001661
1001617
1001611
1001616
1001659
1001646
1001612
1001658
1001657
1001606
1001620
1001618
1001660
1001662
1001609
1001610
1001615
1001644
1001629
1001584
1002722
1002723
1001581
1001582
1001586
1001585
1001587
1002720
1002721
1001588
1002719
1002724
1002725
1001583
1001589
1001591
1000436
1003832
1003833
1188
1001578
1301
1001577
1000948
1001576
1001579
1811
1501
2147483272
1814
1003851
1003820
1822
1833
1003889
1001881
1003903
1003908
1802
1001707
1003909
1003911
1003910
1003912
1003913
1003914
1003915
1003916
2617
2618
2619
2201
2202
2203
2204
2205
2206
2207
2208
2211
1000157
1001138
1001954
1002115
1001955
1001956
1003533
1004787
1004788
1004791
2220
2221
1003306
2222
1841
1003890
1003891
1003892
1003893
1003898
1003899
1003896
1003894
1003895
1003897
1003904
1003905
1003906
1003907
1003852
1001652
1003853
1001135
30
10
9
5086
1001505
1001977
39
1000543
1000545
1001076
1001083
1004868
1001233
1001134
1003902
1064
1003835
2147483305
1003358
2147483260
1003900
2601
2602
2603
2606
2616
1000720
1001892
2147483123
2321
2147483124
2147483121
2147483127
2147483128
1000187
1000189
2147483132
1000505
35002
1000289
1000290
35005
35006
35007
1000177
35008
1000291
35009
35013
35014
1000292
35015
1000184
1000185
1000186
1000276
1000287
35019
35022
1000293
1000491
1000499
1000506
1000508
35133
1000178
1003527
1001262
35038
35039
35040
35041
35042
35010
35016
35051
35128
35275
1001321
1003528
1002257
1001683
1002235
1003249
1001675
35025
35026
35032
1000179
1000867
35033
35034
35036
1000511
1001343
1001344
1001345
35054
35055
35056
35098
35126
35154
35157
35167
1000926
35168
1000715
1000716
1000570
1000706
1000762
35277
1002319
35058
1001228
1001338
1001339
1001340
1001341
1001342
35059
1000182
1000183
35061
35063
35111
35282
35274
1000047
1002253
1002301
1002258
35045
35047
1000032
1000033
35053
1000180
35094
1000285
35256
1000764
35064
35065
35066
35273
35067
35069
35070
35073
1000765
1000925
35074
35077
35080
35139
1001335
1001336
1001337
1001229
1001230
1001231
1001334
35143
1000012
1002460
1000111
1002367
35079
35096
35100
35102
35103
35105
35106
35108
35109
35112
35113
35114
35115
35118
35119
35120
1000181
35122
35276
35278
35279
35283
1001813
35254
35280
35252
1003529
1003530
1003531
1003107
1002481
1002504
1003268
1003105
1003266
1003103
1002687
1003106
1002479
1003104
1003267
41003
41004
41007
1000081
41009
41025
41024
41028
41031
41006
41011
41030
41012
41019
1000922
41013
41015
41017
41021
41026
41023
41001
41029
41018
41020
41501
41502
41503
1000923
1000924
1000946
41016
41027
1000947
42023
1002917
1002929
1002930
1002939
1002940
1002949
1002950
1002959
1002960
1002984
1002985
1002986
1003002
1003004
1003005
1003006
1003007
1003008
1003009
1003010
1003011
1003012
1003013
1003014
1003015
1003016
1003019
1003020
1003026
1003027
1003028
1003029
1003030
1003031
1003032
42066
1003021
1003022
1003025
1003024
1003017
1003018
42031
42060
42067
42061
42011
42027
42058
42070
42049
42062
42063
42064
42034
42053
42054
42010
42071
42072
42051
42050
42052
42030
42048
42020
1000524
1003340
1003368
1003369
1003370
42002
42012
1000829
1000901
1000902
1000903
1000904
1000905
42036
42037
42038
42039
42040
42041
42042
42043
42033
42003
42008
42015
42014
42024
42025
42075
42001
42004
42005
42006
42007
42009
42013
42016
42017
42018
42019
42021
42022
42026
42028
42029
42032
42035
42045
42046
1000082
42055
42056
42057
42059
42065
42068
42069
42073
42074
1000215
1000217
1000535
1000578
1000585
1000906
1000907
1002616
1002615
1002614
1002613
1002617
1001023
1001648
1002619
1000102
1000409
1000411
1000412
1000413
1000414
1001649
1001650
1000419
1002620
1002621
1002622
1002623
1002624
1002625
1002626
1002627
1002628
1002629
1002630
1002631
1002632
1002633
1002634
1002635
1002648
1002649
1002650
1002651
1000531
1001184
1001185
1001186
1001998
1001999
1002000
1002001
1002002
1002003
1002004
1002005
1002006
1002539
1002540
1002541
1002542
1002543
1002545
1002546
1002547
1002548
1002549
1002550
1002551
1002552
1002553
1002554
1002555
1002556
1002557
1002558
1002559
1002560
1002561
1002562
1002563
1002564
1002565
1000061
1000062
1000063
1000065
1000067
1000068
1000069
1000071
1000073
1000074
1000075
1000077
1002245
1002612
1000087
1000088
1000006
1003487
1003488
1003489
1003490
1003491
1001706
1001736
1001741
1001774
1001775
1001776
1000169
1000170
1000176
1000171
1000172
1000173
1000007
1000066
1000168
1000427
1000429
1001723
1001725
1001726
1001727
1001728
1001729
1001732
1001733
1000479
1000472
1000477
1000481
1000480
1000483
1000484
1000148
17023
1000485
1000488
1000489
17003
17014
1001013
17108
1002729
17018
17020
1000594
1000611
1000642
17011
17001
17002
1000645
1000644
1000646
17110
1000582
1000558
1000648
1002726
1002727
1002728
1002730
17007
17021
17044
17010
1000510
1000515
17111
17024
17015
1000503
17026
17022
1000590
1000521
17016
1000528
1000533
1000496
17032
17035
17031
17009
17101
17102
17103
17036
17043
17104
17106
17107
17112
17117
17118
17119
17120
17121
17122
17123
1000752
17040
1001788
1000712
1000739
17017
17115
17116
17105
1000647
17041
1001346
1002707
1000870
1000872
1000885
17047
17045
17048
17049
1000772
17139
1000775
17137
17138
17135
17134
1002015
1002016
1000689
1002013
1000165
1001258
1000649
1000702
1000703
1000704
1000494
1000495
1001159
1000705
1000707
17100
1000711
1002717
1002718
1001679
1001141
1001142
1001143
1001144
1001145
1001147
1001148
1001203
1001205
1001206
1001207
1001211
1001214
1001215
1001216
1001545
1001547
1001212
17012
1001213
1000886
1001546
1004789
1001160
1003150
1003317
1000760
1000830
17124
1002014
1005155
1005189
1005156
1005157
1005158
1005159
1005160
1005161
1005162
1005163
1005190
1005164
1005165
1005166
1005167
1005168
1005169
1005170
1005171
1005191
1005172
1005173
1005174
1005175
1005176
1005177
1005178
1005179
1005192
1005180
1005181
1005182
1005183
1005184
1005185
1005186
1005187
1003664
1003670
1003687
1003690
1003702
1003705
1003721
1003725
1003726
1003743
1003744
1003757
1003768
1003779
1003780
1003799
1003800
1003801
1003802
1003803
1003804
1003805
1003806
1003807
1003808
1003809
1003810
1003811
1003812
1003813
1003814
1003815
1003821
1003822
1003823
1003824
1003831
1003834
1003836
1003837
1003841
1003855
1003857
1003858
1003859
1003860
1003873
1003886
1003888
1003901
1003917
1003918
1003919
1003920
1003921
1003922
1003923
1003924
1003925
1003926
1003927
1003928
1003929
1003930
1003931
1003932
1003933
1003934
1003935
1003936
1003937
1003938
1003939
1003940
1003941
1003942
1003943
1003944
1003945
1003946
1003947
1003948
1003949
1003950
1003951
1003952
1003953
1003954
1003955
1003956
1003957
1003958
1003959
1003960
1003961
1003962
1003963
1003964
1003965
1003966
1003967
1003968
1003969
1003970
1003971
1003972
1003973
1003974
1003975
1003976
1003977
1003978
1003979
1003980
1003981
1003982
1003983
1003984
1003985
1003986
1003987
1003988
1003989
1003990
1003991
1003992
1003993
1003994
1003995
1003996
1003997
1003998
1003999
1004000
1004001
1004002
1004003
1004004
1004005
1004006
1004007
1004008
1004009
1004010
1004011
1004012
1004013
1004014
1004015
1004016
1004017
1004018
1004019
1004020
1004021
1004022
1004023
1004024
1004025
1004026
1004027
1004028
1004029
1004030
1004031
1004032
1004033
1004034
1004035
1004036
1004037
1004038
1004039
1004040
1004785
1004041
1004042
1004043
1004044
1004045
1004046
1004047
1004048
1004049
1004050
1004051
1004052
1004053
1004054
1004055
1004056
1004057
1004058
1004059
1004060
1004061
1004062
1004063
1004064
1004065
1004066
1004067
1004068
1004069
1004070
1004071
1004072
1004073
1004074
1004075
1004076
1004077
1004078
1004079
1004080
1004081
1004082
1004083
1004084
1004085
1004086
1004087
1004088
1004089
1004090
1004091
1004092
1004093
1004094
1004095
1004096
1004097
1004098
1004099
1004100
1004101
1004102
1004103
1004104
1004105
1004106
1004107
1004108
1004109
1004110
1004111
1004112
1004113
1004114
1004115
1004116
1004117
1004118
1004119
1004120
1004121
1004122
1004123
1004124
1004125
1004126
1004127
1004128
1004129
1004130
1004131
1004132
1004133
1004134
1004135
1004136
1004137
1004775
1004776
1004777
1000094
1000095
1000097
1000107
1000139
1000194
1000195
1000196
1000197
1000198
1000200
1000201
1000202
1000203
1000204
1000205
1000206
1000207
1000208
1000212
1000213
1000231
1000239
1000296
1000316
1000327
1000333
1000334
1000335
1000337
1000343
1000347
1000362
1000365
1000368
1000369
1000397
1000442
1000444
1000445
1000446
1000449
1000450
1000476
1000482
1000486
1000497
1000514
1000530
1000534
1000548
1000553
1000555
1000559
1000563
1000565
1000566
1000575
1000593
1000624
1000634
1000635
1000636
1000639
1000640
1000641
1000678
1000694
1000743
1000744
1000745
1001146
1005368
1000746
1000771
1000898
1000935
1001029
1001151
1005369
1001075
1001112
1000950
1000297
1000298
1000299
1000300
1000301
1000469
1000470
1000576
1000584
1000719
1000464
1000465
1000466
1000467
1000468
1000459
1000460
1000461
1000462
1000463
1000454
1000455
1000456
1000457
1000458
1000391
1000392
1000451
1000452
1000453
1000379
1000386
1000387
1000389
1000390
1000332
1000354
1000355
1000356
1000378
1000307
1000308
1000329
1000330
1000331
1000302
1000303
1000304
1000305
1000306
1001287
1000294
1000776
1001510
1001511
1001512
1001513
1001514
1001515
1001516
1000708
1000709
1000710
1000750
1002581
1000757
1000761
1002582
1002583
1000767
1000770
1002584
1002585
1001664
1000838
1000899
1001700
1000910
1000911
1001897
1000916
1000917
1003566
1001692
1001695
1001895
1001896
1001001
1000914
1000913
1000912
1001303
1001304
1004144
1004145
1000915
1004706
1004707
1004708
1004709
1004710
1004759
15009
15022
1000406
1000538
1000540
15028
15033
15032
1000437
15052
15021
1000418
1000421
1000422
1000349
1000320
1000417
1000321
1000781
1000322
1000323
1000325
1002853
1000801
1002843
1000799
1000806
15069
15008
1002844
1002845
1002848
1002850
1002852
1002854
1002855
1002857
1002861
1002862
1002847
1002866
1002870
1002871
1002873
1002888
1000809
1002846
1002849
1002851
1002858
1002856
1002859
1002860
1002865
1002863
1002869
1002872
1000431
1000527
1002874
1002875
1002877
1002879
1002881
1002882
1002883
1002864
1002885
1002887
1000093
1002867
1002868
1002876
1002878
1002880
1002884
1002886
15007
15015
1000434
1002890
1002891
1002892
1002889
1002893
1002894
1000839
1000841
1000843
1000844
1002961
1002963
1002964
1002965
1002966
1002967
1002969
1002970
1002971
1002972
1002973
1000690
1001832
1003569
1003570
1004138
1004139
10001
1000951
1001204
10165
1003319
1003320
1003321
1000918
1000919
1000927
1000937
1000149
1000541
1000549
1000591
1000724
1003076
1000725
1000726
1000727
1000728
1003078
1000729
1000730
1000766
1000873
1003349
1000874
1000875
1000876
1000877
1003350
1003351
1003352
1003353
1003354
1000891
1001180
1001181
1001182
1003355
1001187
1001188
1001189
1001190
1003356
1001191
1001192
1001323
1001324
1001325
1001326
1001327
1001328
1000668
1000669
1000670
1001265
1001282
1001283
1001284
1001285
1001286
1000222
1000140
1000141
1000142
1000143
1000144
1000145
1000376
1002251
1000377
1000146
1000232
1000234
1000247
1000318
1003310
1004780
1003840
1003842
1003843
1003844
1003845
1003846
1003847
1003854
1001470
1003856
1001471
1003861
1000512
1001152
1001153
1003486
1003539
1003540
1003541
1003543
1000661
1000662
1002993
1003545
1002994
1003547
1002995
1002996
1002997
1003550
1002998
1002999
1003000
1003001
1000677
1003862
1003863
1003023
1003544
1003036
1003038
1003089
1002737
1000679
1002827
1003183
1003204
1003221
1003225
1003227
1003231
1003865
1003552
1003232
1003233
1002326
1003234
1003864
1002828
1003866
1003867
1003868
1003869
1003870
1003871
1003872
1002327
1002430
1002431
1002432
1003874
1000554
1003875
1003876
1003877
1003878
1003879
1003880
1003881
1003882
1003883
1003885
1000393
1003235
1003237
1003884
1003238
1003239
1003242
1003297
1003342
1003347
1003348
1000092
1000083
1003037
1003035
1003091
1003092
1003093
1001915
1001938
1001939
1000396
1003287
1003288
1003333
1003338
1000416
1003311
1003034
1003094
1003095
1003096
1000426
1003097
1003098
1003270
1003271
1003316
1002246
1003099
1000425
1004148
1004342
1001352
1001353
1001354
1001355
1001356
1001357
1001358
1001359
1001360
1001361
1001362
1001363
1001364
1001365
1001366
1001367
1001368
1001369
1001370
1001371
1001372
1001373
1001374
1001375
1001376
1001377
1001378
1001379
1001380
1001381
1001382
1001383
1001384
1001385
1001386
1001387
1001388
1001389
1001390
1001391
1001392
1001393
1001394
1001395
1001396
1001397
1001398
1001399
1001400
1001401
1005350
1005351
1005352
1005353
1005354
1005355
1005356
1005357
1005358
1005359
1005360
1005361
1005362
1005363
1005364
1005365
1005366
1000698
1000685
1000686
1000687
1000688
1002059
1002060
1002064
1002065
1002066
1002067
1002069
1002070
1002072
1002074
1002075
1002076
1002077
1002078
1002079
1002080
1002081
1002082
1002083
1002084
1002085
1001232
1001246
1001250
1001253
1001254
1001255
1001256
1001257
1002105
1002106
1002107
1002108
1002109
1002110
1002111
1002112
1002113
1002114
1002140
1002191
1002215
1002227
1002233
1002241
1002242
5155
1003534
1003535
1003536
1003537
5003
5009
1004141
1001068
1003555
5399
1000721
1003542
1000955
1000166
1000956
1001709
1000680
5232
1000002
5263
5956
1000618
1000958
1003269
1002056
1002063
1002129
1002130
1002132
1002051
1002054
1002055
1002058
1001969
1001970
1001971
1001972
1002328
1002569
1001973
1001974
1001975
1003143
1003144
5287
5538
1001318
1001319
1001320
1001419
1001322
6102
1000691
1000846
1000125
1000432
1002061
1002062
1001245
1004713
1004714
1004715
1004716
1004717
1004718
1004719
1004720
1004721
1004722
1004723
1004724
1004725
1004726
1004727
1004728
1004729
1004730
1004731
1004732
1004733
1004734
1004735
1004736
1004737
1004738
1004739
1004740
1004741
1004742
1004743
1004744
1004745
1004746
1004747
1004748
1004749
1004750
1004751
1004752
1004753
1004754
1001331
1000513
1001251
1001997
1001150
1002009
1001347
1000049
1000817
1000818
1000819
1000820
1000824
1000836
1000887
1000921
1000934
1000936
1000938
1000939
1000940
1000941
1000942
1000626
1000627
1000628
1000288
1000346
1000388
1000435
1000501
1000507
1000532
1000537
1000654
1001225
1001226
1000853
1001227
1000474
1000135
1000051
1001647
1000110
1001598
1001421
1001026
1000732
1000733
1000579
1000999
1001000
1001479
1001480
1001481
1001482
1001483
1000266
1000295
1003838
1002708
1000129
1001259
1001785
1004594
1000405
1001404
1001405
1001406
1001426
1000363
1001502
1000158
1000159
1000160
1000161
1000162
1001305
1001306
1000366
1001307
1001308
1001309
1001310
1001311
1001312
1001313
1001314
1001315
1001316
1001317
1001402
1001403
5253
1000492
5020
5044
5541
5036
1000163
1000164
1000717
1000718
1000722
1000723
1000023
1001880
1004666
1004755
1004876
1004143
1003538
1000040
1000473
1000475
1004147
5801
5802
5803
5806
5807
1001113
1001414
1001415
1001416
1001417
1001418
1002033
1002034
1003100
1003188
1003189
1003190
1003191
1003192
1003193
1001101
1003137
1003138
1001102
1003139
1003140
1001104
1001105
1001115
1001139
1001941
1001942
1001943
1001944
1001945
1001987
1001988
1001989
1001990
1001991
1001140
1002023
1002028
1002029
1002030
1002031
1002032
1001218
1000629
1001219
1001220
1001221
1003109
1003110
1003111
1003145
1003146
1003147
1003148
1003149
1003039
1003151
1003152
1003153
1001222
1001247
1000359
1002517
1002518
1002524
1002525
1002526
1002527
1002528
1001252
1001407
1001408
1001409
1001410
1001411
1001412
1001413
1003194
1003195
1003196
1003197
1003198
1003199
1003200
1003243
1003244
1003255
1003258
1003259
1005057
1001217
1001433
1001432
1000526
1001444
1001445
1001446
1001447
1001448
1001449
1001441
1001443
1001450
1001429
1001430
1000064
1003646
1001703
1001708
1001747
1002429
1002948
1000961
1002895
1002896
1002898
1002899
1002900
1002907
1002910
1003795
1003796
1003797
1003798
1000971
1002911
1002912
1002914
1002915
1002916
1002918
1002919
1002920
1000631
1000632
1000650
1000651
1000975
1002921
1002922
1002923
1002924
1002925
1002926
1002927
1002928
1000655
1000656
1000657
1000659
1000976
1002931
1002932
1002933
1002934
1002935
1002936
1002937
1000692
1000693
1000695
1000696
1000977
1002941
1002942
1002943
1002944
1002945
1002946
1002947
1000664
1000665
1000666
1000667
1000978
1002951
1002952
1002953
1002954
1002955
1002956
1002957
1000681
1000682
1000683
1000684
1000676
1002831
1002839
1002832
1002834
1002906
1002835
1002836
1003327
1001472
1001473
1001474
1000701
1000713
1000714
1000731
1000773
1000784
1002838
5089
1000871
1003040
1003142
1001976
1000498
1000126
1000127
1000410
5502
1001027
1000943
1000953
1000965
1000966
1000981
1001002
1001937
1000133
1000623
1000928
1000338
1000858
1001574
1001431
1001563
1001564
1001571
1001572
1001573
1001605
1001608
1001613
1001619
1001634
1001641
1001663
1001693
1001694
1001696
1001697
1001698
1001699
1001701
1000364
1000367
1000394
1000395
1000399
1000604
1000605
1000606
1000607
1000608
1000734
1000188
1001702
1001787
1002103
1002104
1002237
1002566
1002567
1002572
1002574
1002575
1002580
1002677
1002709
1002829
1002830
1000878
1000888
1000889
1000890
1002913
1002938
5156
1000344
1001201
5177
1000900
1000192
5530
5532
5535
5808
5810
5811
1005385
1003578
1003583
1003584
1003585
1003588
1003617
1003618
1003619
1003636
1003638
1003716
1003567
1003568
1003573
1003579
1003580
1003582
1003590
1003613
1003614
1003616
1003625
1003629
1003717
1003720
1003589
1003612
1003628
1003644
1003784
1003626
1003627
1003656
1003718
1003776
1003777
1003577
1003581
1003586
1003587
1003637
1003650
1003778
1000542
1003639
1003645
1003648
1003649
1003661
1003686
1003719
1003771
1003772
1003773
1003781
1003647
1000539
1000544
1000550
1000551
1000552
1000557
1000564
1000572
1000577
1001487
1001488
1001489
1001503
1003654
1003660
1003775
1003574
1003593
1003634
1003641
1003652
1003659
1003673
1003711
1003767
1003774
1003783
1000586
1003611
1003651
1003657
1003683
1003712
1003756
1003759
1003592
1003710
1003714
1003715
1003662
1003669
1003684
1003755
1003594
1003595
1003631
1003633
1003640
1003642
1003643
1003653
1003655
1003682
1003685
1003758
1003762
1003765
1003766
1003769
1003770
1000580
1000587
1002214
1003596
1003727
1003728
1000589
1003608
1003622
1003706
1003763
1003764
1003607
1003609
1003680
1003742
1003681
1003730
1003761
1003707
1003741
1003750
1003623
1003624
1003695
1003701
1003713
1003729
1003735
1003736
1003751
1000588
1003604
1000595
1000625
1003749
1003601
1003753
1000592
1003598
1003599
1003605
1003606
1003597
1003600
1003602
1003603
1003621
1003679
1003722
1003740
1003748
1003620
1003703
1003704
1003731
1003732
1003752
1003754
1003760
1003665
1003678
1003688
1003668
1003672
1003675
1003691
1003692
1003693
1003696
1003697
1003699
1003723
1003738
1003782
1003708
1003674
1003676
1003689
1003694
1003698
1003709
1003724
1003737
1003745
1003746
1003747
1003733
1003734
1003666
1003667
1003671
1003677
1003700
1003739
1001784
1003062
1003063
1004865
1004807
1004793
1004794
1004795
1004796
1004797
1004798
1004799
1004800
1004801
1004802
1004803
1004804
1004805
1004806
1004808
1004809
1004810
1004811
1004812
1004813
1004814
1004815
1004816
1004817
1004877
1004818
1004820
1004821
1004822
1004823
1004824
1004825
1004826
1004827
1004828
1004829
1004830
1004831
1004832
1004833
1004834
1004835
1004836
1004837
1004838
1004839
1004840
1004841
1004874
1004843
1004844
1004848
1004849
1004850
1004851
1004846
1004847
1004866
1004867
1004852
1004856
1004857
1004858
1004859
1004860
1004861
1004862
1004863
1004864
1001651
1001927
1002618
1004324
1004325
1004326
1004327
1004328
1004329
1002833
1004330
1004331
1001469
1003658
1003785
1003786
1003787
1003788
1003789
1004332
1003790
1004333
1003791
1004334
1003792
1003793
1003794
1005011
1005012
1005198
1004335
1004870
1004336
1004337
1004338
1004871
1004872
1004873
1004339
1004340
1004341
1005095
1005096
1001898
1000448
1003305
40001
1003108
1000137
1001590
1001561
1000138
1004756
1004757
1000738
1001520
1000415
1001539
1001704
1002459
40068
1003512
1003513
1004760
1004761
1004762
1004763
40002
1002349
40082
1004772
1001540
1001541
1001542
1005148
1001015
1001523
1001524
1005149
1002348
1004764
1004765
1003359
1004781
1004782
1003282
1003281
1003516
1003517
1003515
1002100
1001543
1001525
1001548
1001544
1002101
1001526
1001527
1001528
1001549
1002102
1001710
1004778
1004779
1001744
1004766
1004767
1003518
1004768
1004769
1003519
1004770
1004771
40003
1000034
1000037
1000109
1000101
1001290
1001292
1000372
1001293
1001294
1001161
1001521
1001940
1001296
40036
40071
1003482
1003207
1003208
1003483
1003467
1003468
1003504
40004
40072
40048
40012
1003505
1003210
1003211
1003212
1003506
1003470
1003471
1003472
1003507
40069
1003245
1000866
1001859
1003473
1003474
40039
1000373
1000374
40024
1005252
1005333
40013
1002741
1002352
1000493
1003508
1003201
1003202
1003203
1003206
1003509
1003475
1003476
1003477
1003478
1003510
1002351
1003521
1003522
1003523
1000100
1002740
1002743
1003524
1002710
1001116
1001550
1001551
1001552
1001553
1001554
1001555
1001529
1001530
1001531
1001532
1001575
1001533
1001534
1000000
1003205
1002353
1000134
40030
1003571
1003273
1000375
1001427
1001428
1001434
1001435
1001436
1003503
1001437
1001438
1001439
1001440
1001442
1001451
1001452
40028
1003322
1003492
1000001
1001263
1001789
1003275
1003346
1003274
1000013
1000014
1003511
1000509
1002989
1001297
1003479
1001453
1001298
1003480
1003481
1001300
1003220
1001454
1001301
1003219
40014
1003493
1000353
40034
1003494
40203
40018
1001458
1001462
1003279
1003334
1001556
1003277
1000609
1003278
1001455
1001456
1001457
1001459
1001460
1001461
40086
1001117
1000929
40089
1003525
1001756
1003090
1003526
1001760
1003341
1002592
1003325
1004783
1001522
1003332
1004784
40114
40065
40090
40091
1003088
40064
1000230
1000024
1000908
40063
1001463
1001464
1001465
1003497
1003495
1003500
1003501
1003502
1001562
1001466
1003326
1001467
1001468
1003496
1003329
1003330
1003331
1000802
1000803
1000804
1001843
1001565
1001567
1001568
1001570
1001557
1001558
1001559
1001560
1001535
1001536
1001537
1001538
1000175
1003335
1003336
1002738
1003209
1003469
1001299
1001302
1003514
1002742
1003276
1001291
1001295
1003216
1000052
1002579
1001746
1001711
1003323
1003324
1002739
1000086
1002531
1003485
1003257
1003345
1003254
1000132
1003371
1001742
40906
1001745
40022
1000003
40055
40056
40054
1000080
40084
1000209
40061
40062
1002744
1000909
1000920
40073
1000954
40085
40074
40075
40076
40081
40202
40204
1001051
1000050
1000112
1001420
1001264
1004149
1004150
1004151
1004152
1004153
1004154
1004155
1004156
1004157
1004158
1004159
1004160
1004161
1004162
1004163
1004164
1004165
1004166
1004167
1004168
1004169
1004170
1004171
1004172
1004173
1004174
1004175
1004176
1004177
1004178
1004179
1004180
1004181
1004182
1004183
1004184
1004185
1004186
1004187
1004188
1004189
1004190
1004191
1004192
1004193
1004194
1004195
1004196
1004197
1004198
1004199
1004200
1004201
1004595
1004596
1004202
1004203
1004204
1004205
1004206
1004207
1004208
1004209
1004210
1004211
1005056
1005154
1004212
1004213
1004214
1004215
1004216
1004217
1004218
1004219
1004220
1004221
1004222
1004223
1004224
1004225
1004226
1004227
1004228
1004229
1004230
1004231
1004232
1004233
1004234
1004235
1004236
1004237
1004238
1004239
1004240
1004241
1004242
1004243
1004244
1004245
1004246
1004247
1004248
1004249
1004250
1004251
1004252
1004253
1004254
1004255
1004256
1004257
1004258
1004259
1004260
1004261
1004262
1004263
1004264
1000174
1003520
1003280
1003215
1003218
1003213
1002350
1003256
40029
40031
40032
40046
40047
40049
40051
40052
40005
40006
40007
40008
40009
40010
40011
40015
40016
40017
40019
40023
40035
40058
40059
40038
40040
40041
40042
40043
40044
40045
40053
40050
40066
40067
40205
1000931
1001165
1001072
1000121
1000658
1000490
1001179
1000637
1000638
1000993
1000994
1000995
1000996
1000997
1001748
1001757
1000610
1000612
1000613
1000614
1000616
1000617
1001260
1000619
1000620
1003572
1000621
1000622
1000633
1000778
1000785
1000787
1000788
1000791
1000793
1000796
1000798
1000769
1000805
1000810
1000811
1000812
1000813
1000814
1000822
1000823
1000825
1000828
1000108
1001796
1000831
1000834
1000835
1000930
1000932
1000933
1000944
1000945
1000952
1000990
1000991
1001048
1001054
1000348
1002990
1003246
1003247
1003248
1003260
1003663
1001986
1001078
1001106
1001107
1001108
1001109
1001110
1001118
1001158
1001176
1003082
1001846
1001778
1001779
1000423
1003312
1003318
1000982
1001111
1000053
1001763
1001765
1001770
1001261
1001288
43001
1000070
1000574
1001100
1001422
1000210
31202
31203
31205
31207
31208
31209
31210
31211
31212
31213
31214
31215
31216
31217
31218
31219
31220
31221
31222
31223
31224
31225
31226
31227
31228
31229
31230
1004343
1005370
1005371
1005372
1005373
1005374
1005375
1005376
1005377
1005378
1005379
1005380
1005381
1005382
1005383
1000116
1000117
1000118
1000119
1000120
1000122
1000123
1000124
1000130
1000131
9001
9002
9006
9007
9008
1000518
1000519
1000383
1000384
1000868
1000735
1000038
1000115
1000199
1000216
1000223
1000385
1000035
1000571
1001033
1001034
1001035
1001036
1001037
1000152
1000167
1001329
1001330
1001332
1001333
1001759
1002745
1002746
1002747
1002748
1002749
1002750
1002751
1002752
1002753
1002754
1000736
1000737
1000742
1000790
1000816
1000960
1000962
1000963
1000964
1000967
1000968
1000969
1000970
1000972
1000973
1000974
1000979
1000980
1000983
1000984
1004344
1004345
1004346
1004347
1004348
1004349
1004350
1004351
1004352
1004353
1004354
1004355
1004356
1004357
1004358
1004359
1004360
1004361
1004362
1004363
1004364
1004365
1004366
1004367
1004368
1004369
1004370
1004371
1004372
1004373
1004374
1004375
1004376
1004377
1004378
1004379
1004380
1004381
1004382
1004383
1004384
1004385
1004386
1004387
1004388
1004389
1004390
1004391
1004392
1004393
1000249
1000250
1000251
1000252
1000253
1000471
1001038
1001039
1001040
1001041
1001042
1002755
1002756
1002757
1002758
1002759
1002760
1002761
1002762
1002763
1002764
1002765
1002766
1002767
1002768
1002769
1002770
1002771
1002772
1002773
1000985
1000986
1000992
1000998
1001005
1001006
1001008
1001009
1001010
1001012
1001014
1001017
1001018
1001019
1001056
1001057
1001058
1001059
1001060
1001061
1004394
1004395
1004396
1004397
1004398
1004399
1004400
1004401
1004402
1004403
1004404
1004405
1004406
1004407
1004408
1004409
1004410
1004411
1004412
1004413
1004414
1004415
1004416
1004417
1004418
1004419
1004420
1004421
1004422
1004423
1004424
1004425
1004426
1004427
1004428
1004429
1004430
1004431
1004432
1004433
1004434
1004435
1004436
1004437
1004438
1004439
1004440
1004441
1004442
1004443
1000254
1000255
1000256
1000257
1000259
1001043
1001044
1001045
1001046
1001047
1001049
1002774
1002775
1002776
1002777
1002778
1002779
1002780
1002781
1002782
1002783
1002784
1002785
1002786
1002787
1002788
1002789
1002790
1002791
1002792
1001062
1001063
1001073
1001074
1001077
1001084
1001085
1001086
1001087
1001088
1001089
1001090
1001091
1001092
1001094
1001095
1001096
1001097
1001099
1001121
1004444
1004445
1004446
1004447
1004448
1004449
1004450
1004451
1004452
1004453
1004454
1004455
1004456
1004457
1004458
1004459
1004460
1004461
1004462
1004463
1004464
1004465
1004466
1004467
1004468
1004469
1004470
1004471
1004472
1004473
1004474
1004475
1004476
1004477
1004478
1004479
1004480
1004481
1004482
1004483
1004484
1004485
1004486
1004487
1004488
1004489
1004490
1004491
1004492
1004493
1000260
1000263
1000264
1000265
1000267
1000478
1001050
1001064
1001065
1001066
1001067
1002793
1002794
1002795
1002796
1002797
1002798
1002799
1002800
1002801
1002802
1002803
1002804
1002805
1002806
1002807
1002808
1002809
1002810
1002811
1001123
1001124
1001125
1001126
1001127
1001128
1001129
1001130
1001131
1001132
1001133
1001136
1001137
1001154
1001178
1001234
1001235
1001236
1001237
1001238
1004494
1004495
1004496
1004497
1004498
1004499
1004500
1004501
1004502
1004503
1004504
1004505
1004506
1004507
1004508
1004509
1004510
1004511
1004512
1004513
1004514
1004515
1004516
1004517
1004518
1004519
1004520
1004521
1004522
1004523
1004524
1004525
1004526
1004527
1004528
1004529
1004530
1004531
1004532
1004533
1004534
1004535
1004536
1004537
1004538
1004539
1004540
1004541
1004542
1004543
1000268
1000269
1000270
1000271
1000272
1000274
1000275
1000277
1000279
1000280
1000516
1000517
1001069
1001070
1001071
1002812
1002813
1002814
1002815
1002816
1002817
1002818
1002819
1002820
1002821
1002822
1002823
1002824
1002825
1002826
1001239
1001240
1001241
1001242
1001243
1001423
1001424
1001425
1001490
1001491
1001492
1001493
1001494
1001495
1001496
1001497
1001498
1001499
1001500
1001501
1004544
1004545
1004546
1004547
1004548
1004549
1004550
1004551
1004552
1004553
1004554
1004555
1004556
1004557
1004558
1004559
1004560
1004561
1004562
1004563
1004564
1004565
1004566
1004567
1004568
1004569
1004570
1004571
1004572
1004573
1004574
1004575
1004576
1004577
1004578
1004579
1004580
1004581
1004582
1004583
1004584
1004585
1004586
1004587
1004588
1004589
1004590
1004591
1004592
1004593
1001155
1001156
1001157
1001162
1001163
1001164
1001166
1001167
1001169
1001170
1001171
1001172
1001173
1001174
1001175
1001193
1001194
1001195
1001196
1001197
1001198
1001199
1001200
1001248
1001764
1001769
1001772
1001802
1001814
1001815
1001816
1001817
1001818
1001819
1001820
1001821
1001822
1001823
1001824
1001872
1001929
1001934
1001947
1001948
1001949
1001950
1002243
1003576
1003591
1003610
1003615
1003630
1003632
1003635
1000041
1000045
1000046
1000048
1000055
1001951
1001031
1004712
1001030
1001032
1004786
1000072
1005147
1000136
1004758
1004790
1001504
1004140
1001509
1000079
1000660
1000663
1000856
1002962
1002968
1002974
1002975
1002976
1002977
1002978
1002981
1002982
1002987
1002988
1000504
1001177
1001656
1003299
1003300
1003301
1003302
1003303
1003304
1003328
1005065
1005066
1005367
1003357
1003362
1003363
1004597
1004598
1004599
1004600
1004601
1004602
1004603
1004604
1004605
1004606
1004607
1004608
1004609
1004610
1004611
1004612
1004613
1004614
1004615
1004616
1004617
1004618
1004619
1004620
1004621
1004622
1004623
1004624
1004625
1004626
1004627
1004628
1004629
1004630
1004631
1004632
1004633
1004634
1004635
1004636
1004637
1004638
1004639
1004640
1004641
1004642
1004643
1004644
1004645
1004646
1004647
1004648
1004649
1004650
1004651
1004652
1004653
1004654
1004655
1004656
1004657
1004658
1004659
1004660
1004661
1004662
1004663
1004664
1005196
1005197
1004665
1004667
1004702
1004703
1004704
1004705
1004773
1000581
1001847
1001266
1001267
1001268
1001269
1001270
1001271
1001272
1001273
1001274
1001275
1001276
1001277
1001278
1001279
1001280
1001281
1001566
1001653
1001654
1001655
1003135
1003272
1000671
1000672
1000673
1000674
1000675
1001807
1001826
1001830
1001885
1002097
1002099
1003575
1000949
25001
25002
25003
25009
25013
25014
25016
25018
25023
25036
25041
25055
25079
25083
25084
25089
25091
25097
25099
25109
25113
25121
25122
25131
25137
25138
25140
25144
25150
25151
25152
25158
25162
25175
25176
25184
25185
25189
1000099
25200
1001209
1001249
1001569
1003313
1003344
1003361
1003373
1001597
1000219
1000328
1000220
1002010
1000221
1000224
1000225
1000226
1000227
1000228
1000229
1000233
1000235
1000236
1000237
1000238
1000240
1000241
1000242
1000243
1000244
1000245
1000246
1000248
1000281
1000282
1000284
1000286
1000309
1000310
1000311
1000312
1000313
1000314
1000420
1000315
1000358
1000317
1000218
1000319
1001244
1000487
1000326
1003314
1000039
25251
25252
25253
1003559
1003560
1001893
1001894
1003561
1001903
1001913
1001957
1001958
1001959
1001960
1001961
1001962
1001963
1002007
1002008
1002011
1003562
1002017
1002018
1002019
1002020
1002021
1002022
1002024
1002025
1002026
1003563
1003564
1002027
1002039
1002040
1002041
1002042
1002045
1002046
1002047
1002048
1002049
1002244
2147483646
2147483645
2147483644
2147483643
2147483642
2147483641
2147483640
2147483639
2147483638
2147483637
2147483636
1001122
1001506
1001507
1001508
2147483635
2147483634
2147483633
2147483632
2147483631
2147483630
2147483629
2147483628
2147483627
2147483626
2147483625
2147483624
2147483623
2147483622
2147483621
2147483620
2147483619
2147483618
2147483617
2147483616
2147483615
2147483614
2147483613
2147483612
1001705
2147483610
2147483608
2147483607
2147483606
2147483605
2147483604
2147483603
1001952
2147483602
2147483601
2147483600
2147483599
2147483596
2147483594
2147483593
2147483592
1000700
2147483591
2147483590
1002586
1002587
2147483588
2147483587
2147483586
2147483585
2147483584
2147483583
2147483582
2147483062
2147483581
2147483580
2147483579
2147483578
2147483577
2147483576
2147483575
2147483574
2147483573
2147483572
2147483571
1002595
1002596
1002597
1002598
1002599
1002600
2147483570
2147483569
2147483568
2147483567
2147483566
2147483565
2147483564
2147483563
2147483562
2147483561
1002037
2147483560
2147483559
2147483557
2147483556
1000699
1002601
2147483555
2147483554
2147483553
2147483552
2147483551
2147483550
2147483549
2147483548
2147483547
2147483546
1002602
1002603
2147483545
2147483544
2147483543
2147483541
2147483540
1002640
2147483539
2147483538
2147483537
2147483536
1002641
2147483534
2147483533
2147483532
2147483531
2147483530
2147483529
2147483528
2147483527
1001003
1001004
1001007
1001028
1001052
1001053
1001055
1001080
1001081
1001082
1001098
1001103
1001114
1001149
1001202
1002644
1002645
2147483526
2147483525
2147483524
2147483523
2147483522
2147483521
2147483520
2147483519
2147483518
2147483517
2147483516
2147483515
2147483514
2147483513
2147483512
1002646
1002647
2147483511
2147483510
2147483509
2147483508
2147483507
2147483506
2147483505
2147483504
2147483503
1002652
2147483501
2147483500
2147483499
2147483498
2147483497
2147483496
2147483495
2147483494
2147483493
2147483492
1002653
1002654
1002655
1002656
1002661
1002662
1002410
1002411
1002412
1002513
1002514
1002515
1001208
1001223
1001224
2147483491
2147483490
2147483489
2147483488
2147483487
2147483486
2147483485
2147483484
2147483483
2147483482
2147483481
2147483480
2147483479
2147483478
2147483477
2147483476
2147483475
2147483474
2147483473
2147483472
2147483471
1002663
2147483469
2147483468
2147483467
2147483466
2147483465
2147483464
2147483463
2147483462
2147483461
2147483460
2147483459
1002671
1002672
1002673
2147483458
2147483457
2147483456
2147483455
2147483454
2147483453
2147483452
2147483451
2147483450
2147483449
2147483448
2147483447
2147483446
2147483445
2147483444
2147483443
2147483442
2147483441
2147483440
2147483439
2147483438
2147483437
1002674
1002675
2147483435
2147483433
2147483432
2147483431
2147483430
2147483429
2147483428
2147483427
2147483426
2147483423
2147483415
2147483414
2147483413
2147483412
2147483411
2147483410
2147483409
2147483408
2147483407
2147483406
2147483405
2147483404
2147483403
2147483402
2147483401
2147483400
2147483399
2147483398
2147483397
2147483396
2147483395
2147483394
2147483393
2147483392
2147483391
1002676
2147483390
1005340
2147483126
2147483280
2147483279
2147483278
2147483277
2147483276
2147483271
2147483270
2147483268
2147483267
2147483266
2147483265
2147483264
2147483262
2147483261
2147483259
2147483258
2147483257
2147483256
2147483255
2147483254
1000697
2147483251
2147483250
2147483249
2147483248
2147483247
2147483244
2147483243
2147483242
2147483241
2147483240
2147483239
2147483237
2147483236
2147483235
2147483234
2147483233
2147483232
2147483231
2147483269
2147483275
2147483230
2147483229
2147483228
2147483227
2147483226
2147483225
2147483224
2147483223
2147483222
2147483221
2147483220
2147483219
2147483218
2147483217
2147483216
2147483238
2147483246
2147483245
2147483215
2147483214
2147483213
2147483212
2147483211
2147483210
2147483209
2147483208
2147483207
2147483206
2147483205
2147483204
1004869
2147483203
2147483202
2147483201
2147483200
2147483198
2147483197
2147483196
2147483195
2147483194
2147483193
2147483192
2147483191
2147483190
2147483189
2147483188
2147483187
2147483186
2147483185
2147483184
2147483183
2147483182
2147483181
2147483180
2147483179
2147483178
2147483177
2147483176
2147483175
2147483174
2147483173
2147483172
2147483171
2147483170
2147483169
2147483168
2147483167
2147483166
2147483165
2147483164
2147483163
2147483162
2147483161
2147483160
2147483159
2147483158
2147483157
2147483156
2147483155
2147483154
2147483153
2147483152
2147483151
2147483150
2147483149
2147483148
2147483147
2147483146
2147483145
2147483144
2147483143
2147483142
2147483141
2147483140
2147483274
2147483273
2147483135
2147483134
2147483133
2147483138
2147483137
2147483136
2147483131
2147483130
2147483129
2147483125
2147483122
2147483119
2147483118
2147483117
2147483116
2147483115
2147483114
2147483113
2147483112
2147483111
2147483110
2147483109
2147483108
2147483107
2147483106
2147483105
2147483104
2147483103
2147483102
2147483101
2147483100
2147483099
2147483097
2147483096
2147483095
2147483094
2147483093
2147483092
2147483091
2147483090
2147483089
2147483088
2147483087
2147483086
2147483085
2147483084
2147483083
2147483082
2147483081
2147483080
2147483079
1001475
2147483078
2147483077
2147483076
2147483075
2147483074
2147483073
2147483072
2147483071
2147483070
2147483069
2147483068
2147483067
2147483066
2147483065
2147483064
2147483063
2147483061
2147483060
2147483059
2147483058
2147483057
2147483056
2147483055
2147483054
2147483053
2147483052
2147483051
2147483050
2147483049
2147483048
2147483047
2147483046
1000561
1000562
1001079
2147483045
2147483043
1001485
1001486
2147483041
2147483040
2147483039
1002576
1002577
2147483036
